# final target nodes — method=TD λ=20 seed=302554573
2049
2050
2057
12301
2064
4128
2083
6181
8231
12335
4157
2130
4182
12388
12390
6249
2157
6254
116
10357
2168
12416
4224
10383
10386
2194
10389
160
8355
4265
178
8383
12480
6336
10433
6339
8389
6342
8391
4296
6344
10444
6349
4302
208
12500
4312
2266
8410
6368
6369
4329
2294
2303
6401
2309
8455
12556
6414
12559
2319
12562
2323
8473
2329
8483
293
10538
2349
308
8504
8508
12607
320
8514
4420
327
6482
8532
10580
6486
10589
8563
8572
4480
4482
10644
2460
6558
6579
10676
4533
8645
6603
8656
465
8666
475
6634
4594
2555
8699
6662
6663
4619
8721
8723
8728
8735
10786
12851
12859
12863
12873
12881
8789
609
12903
8808
10857
12908
8821
630
12919
12920
6777
10875
4742
10894
12946
12950
4760
12952
8857
8866
4773
8875
10923
4783
10935
12985
8892
2752
4806
13010
13012
8922
6877
13025
741
8934
13033
4860
11007
13064
11019
2829
8981
2838
11031
2843
13086
6942
13087
13092
11045
6948
13098
6956
13110
4918
2873
6970
4924
2878
835
4932
2883
13131
844
6988
846
13134
6993
852
2908
2914
13162
2922
874
13165
9084
2941
4990
5002
11146
7052
11149
911
11152
7058
7071
927
7075
5031
13223
7079
7082
11183
7090
9143
9145
11193
954
5049
7101
11196
3011
3012
7108
11206
7113
973
7121
13266
11242
9197
13293
5105
3061
9209
7163
13315
7172
3080
13320
7179
5134
7185
9240
9244
7200
5154
9252
5161
5162
3119
5173
1078
1080
9274
7227
11333
5200
5202
11354
11355
5213
11360
3173
3175
3196
7293
3198
3201
7299
3204
5254
9352
3209
11404
7314
5269
1176
1177
9369
9372
7324
9374
11427
3236
1192
3244
5292
9389
5300
11447
1212
11455
1220
11462
7370
3275
11468
9421
9419
9418
7378
7382
11478
1240
9434
5343
1248
5344
7393
11491
3300
5352
7410
1266
7415
11515
5373
11522
5385
7435
1293
11539
9498
9500
1311
1313
3364
9534
5443
1350
5449
7498
11598
7510
3416
11629
3454
5503
5507
11660
3469
7570
7572
7583
1443
5540
1455
1457
3511
5563
11721
5587
5601
9700
3568
11777
7686
11783
11786
5644
5645
1548
3599
7705
5658
3609
7710
7712
11809
3618
5669
3623
1579
11823
9780
1593
3643
5695
7754
11854
7758
7761
11857
9809
11861
5718
1622
11867
3681
3687
11892
7800
1664
11904
1670
11918
3731
3732
3736
5788
1694
7842
9896
5803
5810
3763
5823
5828
11973
1732
3789
5844
7912
1777
9971
5892
7940
5906
10008
5913
7965
10015
5920
7978
7979
1836
5934
1841
12097
5958
3911
5960
12109
1870
1876
1883
1886
10083
6000
12147
6008
8057
12154
12155
12160
8065
1928
1931
3983
6032
12181
1944
6047
1956
1958
10150
12211
10164
6069
12214
8119
12217
6074
1980
1985
8129
2004
12247
12249
6108
8164
8166
4073
6134
8189
