# final target nodes — method=Katz λ=20 seed=302554573
12294
2055
2056
2057
2064
12305
23
12318
4128
6181
8233
2089
12334
4157
2109
4158
4161
2130
4180
6232
6242
98
2150
12390
2157
6254
2158
116
133
2185
4234
141
10383
10386
10389
159
4256
8355
2215
4265
4276
183
8376
4282
2240
6336
6338
12480
6342
8391
4296
6345
10442
4302
2255
208
4312
8410
2266
6369
2279
4329
4339
2294
2303
6401
2309
8455
2316
12556
12559
2319
12562
2323
293
10538
308
8504
319
320
8514
4420
327
12618
6481
4433
2387
8532
10580
6486
343
10589
355
2411
371
8572
4482
2441
10644
405
2455
2460
6579
10676
4546
466
472
8666
475
6634
4596
8699
6662
518
4623
8721
2582
8728
2588
8735
544
10786
6697
4651
12851
8775
4687
12881
601
609
12908
8821
12919
6777
12921
10875
4729
10877
4743
10894
8848
12950
2718
8866
4773
12965
10923
2752
4806
711
2769
13010
13011
729
8922
6877
13022
2781
8928
13025
2786
13030
4841
749
2801
4856
4859
11007
6913
2829
11027
11028
2838
2841
6942
13087
13092
11045
6948
808
13098
6960
13106
4918
2873
2883
4931
835
2889
13131
844
6988
13134
846
2897
852
4953
2908
2914
2916
2917
874
13163
13162
13165
13180
2941
7045
11145
7051
11149
9102
5005
11152
7058
916
7062
2981
13223
7080
5032
935
7082
7091
9143
5049
11193
954
11196
7101
13246
962
7108
3012
7113
7121
13267
991
7145
5105
3062
7163
13320
3080
1036
7185
13335
9243
9244
5154
9252
5161
5162
1068
3119
5168
1075
9274
11333
5200
11344
9298
5207
11355
11360
3173
3175
9336
3201
7299
5254
3208
11400
11404
9363
5269
1176
1179
9372
7324
9374
11427
3243
5292
3244
1198
9388
11441
9398
5305
1212
11457
1220
7366
7370
11468
3277
3278
9421
7378
11478
1240
1246
3295
5344
3300
5352
9448
11498
7412
11515
11522
1293
9485
3351
9498
11549
7455
1311
1313
5408
1327
3380
5429
3387
9534
3393
1350
7497
11598
3416
11629
9591
3450
5500
3454
3455
7556
11660
3472
7570
7572
1430
1444
5546
1455
1457
3511
5563
11721
9686
3545
3551
5601
3566
3568
11764
11777
7686
1543
11782
11786
5644
5645
3599
3608
5657
5658
5661
11809
3622
5673
1579
3630
5685
1592
5695
1601
7746
7754
7758
7761
9809
11861
1624
1631
3679
3681
3687
11892
7800
11904
1664
1670
3731
3732
3737
7837
1694
9896
3754
5810
1716
5823
1730
3778
5828
1732
5844
7910
7912
7915
3819
1776
1779
7939
7940
1814
10008
5913
10009
7965
10014
1821
7978
1836
5934
5935
12096
12109
1870
1876
1884
5982
10079
1888
12147
12149
6008
12152
12154
8059
12160
8065
3983
6032
12184
1944
1950
10144
1955
1956
1958
6062
12210
12214
8119
6074
4032
1985
8132
1998
2004
12247
12249
8161
12258
8166
4072
4073
4079
6134
