# final target nodes — method=GNN_RL λ=20 seed=302554573
2049
2057
12301
2062
2064
4128
2083
6181
8233
12335
6229
4182
6242
2150
12390
6254
116
2166
12416
2177
133
2185
10383
10386
2194
10388
4248
159
160
8355
4265
2218
12461
178
4276
10424
8383
6336
2241
10433
2243
6342
6343
4296
8391
10442
6348
4302
208
8402
4312
2266
6368
6369
2288
241
2294
8455
8456
10505
12559
8475
6431
6433
8483
296
4395
10539
4400
308
2358
8504
8505
10556
8508
12606
10559
319
320
322
4425
6481
6482
4433
10580
8532
6490
10590
2411
4464
12660
2421
6518
8572
393
402
10644
8602
6558
422
6577
4546
465
475
6625
6634
2549
8699
2555
514
6658
6662
6668
4624
6677
2582
2583
8728
8739
12852
4661
12863
576
10820
4687
12881
8793
2650
6755
6758
4712
10857
8821
12919
4729
6777
10875
10894
4752
4758
12950
2718
8866
8869
4773
8872
10923
4788
2753
4806
2766
13010
729
8922
2778
6877
2781
8928
13025
4835
741
4841
13034
6894
4848
4851
13050
6907
4860
2825
2829
11027
11031
2841
11035
6942
13087
13092
11045
13096
13098
6956
2873
4924
4931
838
842
2891
844
13131
13134
852
2908
2911
4962
2914
874
13162
2922
13165
7037
9089
4995
7047
11144
7051
11151
11153
7058
7062
13209
7066
7075
7077
13223
5032
7082
940
946
7091
9143
11193
954
9145
7101
9151
3012
7113
7121
3033
13278
991
7145
7148
5105
13299
13302
7163
1026
13320
3080
3096
9243
9244
9251
9252
5162
1070
3119
3122
9274
1091
3145
9298
5202
9305
11355
11360
3169
3173
3175
5225
5236
9339
7292
3199
5254
3208
1160
5260
11404
5268
3221
1176
9372
7324
3229
1184
11425
11427
1192
3240
1194
3244
9393
5300
9398
11447
5303
5305
1212
7359
11457
1220
11462
7370
9418
11468
7378
9427
11475
1240
3293
1247
5344
11489
3300
5352
9459
7412
11515
5373
1290
5387
1293
11541
3353
9498
9500
1311
7455
1313
3380
5429
1340
3389
9534
1350
5449
7498
11598
3415
5464
3416
9562
3420
11624
1387
3437
7537
7538
9591
3454
11659
3469
7566
1425
1426
3490
1443
5540
11682
5541
1455
11721
3553
1513
5613
11763
11764
11777
1543
11784
3592
5644
3599
1555
3605
7706
5658
7710
3616
11809
1579
3630
1584
11827
3638
3643
7739
7754
11854
7758
9812
11861
1624
3679
3687
5752
9852
1661
11902
1664
1667
1670
11918
3731
3732
3740
5789
1714
1717
3778
5826
1732
11973
1730
9927
5844
1766
7910
7912
3818
7915
1776
3826
9971
3839
7940
5907
5911
10008
5913
1815
7965
10014
5920
7976
7978
1836
5934
12086
5949
3912
12109
1870
1876
1886
10089
8044
6003
12149
12150
12154
12155
8065
6030
6032
10132
1944
12184
1949
1955
1956
1958
1971
12211
12214
8119
8129
1985
1990
4049
2004
2005
12247
12249
12260
8166
4071
4072
6134
