# final target nodes — method=TIA λ=20 seed=302554573
2052
12293
2057
2059
2060
2062
6176
4128
6181
2085
8230
4156
4158
4180
2141
6242
2150
12390
6254
116
10357
2166
2165
2170
12416
133
10386
10390
2202
8354
2216
4265
8378
10433
6338
8389
8391
12488
4296
6349
4302
208
4306
12500
2263
4312
2266
222
6368
2279
4329
4339
2294
251
2303
6409
268
12559
12562
2322
6433
8484
296
10539
4398
308
8504
8505
319
320
8514
12620
10573
4433
6482
8532
6486
10589
4455
360
4464
8572
8600
6558
2463
6577
10676
8646
4554
465
475
8678
6634
494
4594
6662
4619
4623
4624
8721
2582
8728
8738
10786
6696
4659
572
4678
4687
12884
8793
8799
609
12903
6759
4712
2667
12917
630
8821
4729
6791
8848
8866
12965
4773
8871
6826
10923
4783
4788
12984
8892
6847
2752
2753
4806
6858
13010
10964
13012
729
2778
8922
13025
2786
4835
741
13034
4859
4860
6913
2827
2829
2833
2837
11031
2841
6942
13087
13088
2850
13092
13096
13098
13110
4924
2878
4931
835
2883
13131
2891
844
846
13134
6988
6993
852
4948
2907
2908
2911
7009
2914
13162
874
13165
2928
4995
2950
11145
5002
7051
11149
9102
13209
2971
7075
7077
13223
7079
5040
2992
945
7091
11188
9143
11193
5049
954
9145
7101
13246
9151
9152
3011
963
3012
7113
11213
973
3033
13278
992
993
11242
5105
11251
13302
5113
7163
1027
7172
13320
3080
3081
9240
9244
7200
5154
1059
9252
9251
11299
5161
5162
1068
3119
5168
7227
1086
11333
9298
11355
9307
11360
3169
1122
11363
3173
5225
7293
9342
3199
7299
5254
11404
5269
3221
3223
1176
9369
7324
7325
9372
1185
11427
1192
1194
5292
11439
5300
1212
11455
1217
1220
9418
7370
9420
11468
9421
7378
11477
1240
3293
1247
5344
5347
3300
5352
11498
11506
7410
11515
5372
9498
1311
1313
9508
1322
3387
3389
11582
5443
1350
7498
11598
3415
5464
3416
7514
3427
5497
3450
7549
3454
1410
5509
11660
3469
7566
3472
1425
7570
7572
7582
3489
1442
5540
1455
1457
3511
3516
11721
5584
3551
5603
9699
3555
1513
1514
1536
11777
11782
7686
5644
3599
1555
3605
3608
5658
11804
7710
3616
11809
3622
3623
1579
1580
5675
3630
11827
3643
1601
7746
7754
1614
7758
11854
9809
11858
11861
5718
3679
3687
11892
7800
1661
11903
1664
5764
1670
5772
11918
3731
3732
3737
1691
5789
9896
1717
5823
3778
5828
1732
11973
7910
3815
7912
1776
9970
7940
5907
5911
7960
10008
1815
5913
7965
10014
5920
7976
7978
1836
5935
1841
1842
7994
12099
5960
8009
3912
1864
12109
1870
1876
5981
1886
10083
12149
12150
6008
8057
12154
12155
1918
8065
1933
3983
6032
1944
12184
1946
1950
1958
10150
12211
12214
8119
10173
1985
8129
1986
1998
8153
12249
8166
4072
4073
6125
6134
