# Urban flood network -- initial flood-source nodes
# total=472, network_nodes=13336, ratio=0.0354
3987
7905
7357
1730
8382
6367
1314
7588
6632
1879
319
5306
8581
1072
6957
2950
3453
12109
1876
2089
2135
9397
11035
4979
1958
1669
1350
177
9090
6747
358
5695
3868
12182
6665
4159
11707
11926
4346
12617
13048
860
12134
2873
11497
10789
11109
12245
6132
3275
3563
5391
5016
3759
5135
9535
6032
4296
12916
3637
2922
7917
7329
11809
2149
9339
841
391
10384
6432
6074
8826
1946
13279
4128
370
7126
3644
7370
3080
11705
2184
11804
7497
5086
8921
2845
10004
173
1959
2924
10082
4218
1545
461
1444
11905
2890
6702
4538
5522
7538
2236
2272
10764
302
2449
13302
2969
4682
4103
11341
6337
3011
8737
6907
8834
2622
6232
3681
2364
8582
5794
224
2797
11728
3599
10016
3360
11894
3763
7976
1664
4437
11144
8881
8491
12145
8504
13211
6988
9274
1641
13184
1176
8404
12156
11618
4548
5953
7229
8493
1268
6101
10939
4590
10427
6615
10705
8790
7114
11048
4850
9197
3891
2065
3521
2383
5587
236
1238
8166
11112
6021
6158
2883
5772
3749
5160
4401
4161
4918
6897
748
7074
2991
11456
11498
4155
3141
6348
7759
4313
1967
5388
8507
2421
3615
3299
5304
2964
1836
3677
2168
8407
12951
11543
13131
5162
5385
4672
11027
1981
4424
11150
8410
7385
4077
2869
2288
8233
2916
7765
7866
3566
13012
954
3174
2897
5826
5233
4600
9691
3238
8452
2345
6877
8934
13138
4303
5290
7973
2411
7739
4246
5145
5716
8351
3429
3727
3403
6661
10433
2325
3225
2177
7966
5272
5439
2331
11938
4648
9353
8983
4482
9410
7169
1312
3622
12988
12334
10589
8622
12216
12390
12852
2228
11893
4032
12966
11578
11600
5642
2121
456
5756
4627
1224
10882
3300
8729
5529
1774
6619
7089
11861
6857
9234
9423
1106
8974
7047
7912
8349
141
342
12411
4993
12505
2760
3294
12409
7378
11778
6226
10136
3243
8120
11468
4806
13019
7687
13093
308
11360
3198
3454
5508
6518
11434
853
7042
7080
927
2770
11666
7118
9811
7585
6578
6410
9312
4183
12661
11680
2651
11721
959
4063
10788
10013
3683
5911
10437
8392
7314
12295
9241
1458
343
7936
2967
1452
3472
1871
1924
9372
3244
7001
2841
9555
4793
2946
4783
12212
5031
1985
9988
11475
4681
5742
10387
8872
208
12305
6247
5804
475
3679
7067
13249
844
7170
2839
935
7000
1193
12086
3487
11846
12559
3768
1213
11427
8119
1766
7292
1602
4811
9498
2780
9681
3315
12102
7977
12878
3819
3204
6750
8097
2484
7700
8487
9678
3101
8644
11218
5912
3012
12241
4126
12258
728
1998
837
13165
10383
8300
4017
4931
12482
3591
2908
1732
4935
293
5342
6603
6181
3719
8138
11046
13088
13163
8167
8821
13335
6254
11380
7964
205
8788
1273
9252
7360
4757
2437
148
10441
8473
7214
4980
