# removed nodes — method=TD λ=20 seed=302554573
2923
7167
162
307
349
722
842
843
936
1071
1502
1549
1877
2166
2185
2203
2590
2872
2948
3276
3389
3452
3600
7169
370
845
935
1688
1959
2158
2347
2754
2847
3566
3734
3777
3891
4126
4159
4245
4350
4433
4535
4980
5160
5391
198
448
1185
1978
2052
2238
2243
2341
2368
2440
2583
2753
3010
3097
3293
3415
3679
3755
4407
4481
4647
4995
5138
1555
1884
3453
4071
4421
4689
4752
4768
4774
4802
5465
5565
5712
6085
6632
6633
6664
7051
7066
7091
7481
7759
7966
7496
11026
990
1160
2346
2769
3037
3164
3360
3752
3912
4618
4782
5342
5536
5911
6177
7064
7080
7081
7170
7735
8118
406
1667
2343
4048
4406
4662
6619
7076
7077
8381
8925
8928
8975
9234
11109
12244
12409
13163
13302
18
19
61
101
2149
3746
5107
6007
6783
7432
7549
8158
8348
8349
8394
8901
11896
12150
12560
13011
13088
13137
16
86
115
137
144
517
2781
3502
5386
6958
7047
7159
7494
7973
12153
12915
85
132
158
159
161
173
175
177
205
218
224
227
174
3203
3205
5268
9970
11858
140
223
276
277
278
294
296
304
314
317
319
342
358
359
360
364
372
477
3043
3237
4670
4812
4855
4898
5883
8509
8781
9681
11760
343
371
393
394
395
397
410
423
445
460
462
5460
7201
8869
10578
13321
273
390
391
396
404
422
461
466
468
472
473
476
478
482
508
514
515
519
7841
11658
12948
322
373
516
518
520
526
542
545
546
564
570
575
596
603
631
711
748
749
766
780
1079
5045
8881
521
602
635
834
836
837
841
853
859
873
912
917
920
940
955
957
960
966
1059
1077
184
506
727
728
919
991
998
1099
1127
1128
1156
1164
1166
1172
1173
1175
1186
1193
1195
1198
1209
1210
1213
2314
5355
9408
13216
1191
1194
1196
1205
1217
1221
1222
1239
1245
1246
1267
1269
1274
1275
1294
1309
1314
1340
1351
4786
6180
6337
10768
11473
133
710
1301
1411
1426
1430
1442
1444
1452
1456
1482
1501
1509
1514
1531
1533
1535
1546
2777
8562
13068
481
525
1026
1425
1427
1513
1536
1537
1541
1580
1590
1592
1595
1614
1623
1658
1661
1668
1671
1690
4813
5763
11213
13316
945
1587
1692
1713
1730
1758
1767
1774
1775
1776
1800
1801
1810
1821
1830
1834
1835
1842
1866
3560
5646
6821
10385
499
930
1062
1714
1729
1762
1804
1868
1872
1885
1922
1929
1946
1953
1955
1960
1961
1965
1979
13067
183
1805
1972
1973
1981
1998
2003
2025
2048
2054
2056
2061
2065
2066
2081
2082
2085
2121
2122
2159
2162
2164
5941
1216
1552
2141
2160
2169
2191
2204
2205
2228
2236
2237
2246
2265
2287
2288
2293
2295
2299
2302
2304
2313
2320
8405
2222
2244
2310
2322
2324
2330
2334
2338
2348
2350
2358
2360
2364
2376
2411
2417
2441
2443
2455
2461
2525
2528
977
2131
2385
2421
2483
2512
2549
2554
2558
2578
2588
2601
2622
2650
2718
2760
2764
2772
2778
2782
2783
2785
2802
3630
11582
12561
13294
2476
2579
2582
2589
2593
2780
2786
2809
2811
2817
2825
2836
2845
2854
2876
2879
2887
2889
2890
4859
2514
2524
2745
2808
2888
2891
2904
2906
2911
2929
2939
2957
2967
2978
2987
2991
2992
2998
3009
3032
3034
3040
2768
2820
2928
2950
2964
3033
3050
3056
3079
3083
3104
3121
3139
3141
3144
3172
3174
3197
3200
3207
3208
3216
3232
9196
976
2063
3122
3140
3169
3199
3219
3222
3231
3242
3245
3254
3269
3270
3274
3279
3285
3291
3294
3296
3301
3309
4800
5751
3176
3243
3350
3381
3390
3417
3418
3445
3449
3451
3459
3470
3472
3479
3484
3487
3488
3509
3525
3528
3547
5752
2060
2248
2612
3380
3386
3388
3444
3450
3490
3516
3520
3545
3554
3555
3557
3562
3570
3571
3573
3591
3594
3605
3540
3548
3561
3612
3613
3615
3620
3622
3626
3634
3636
3661
3663
3667
3668
3669
3677
3686
3689
3697
3701
3704
3718
9367
11362
3638
3657
3673
3676
3733
3737
3754
3780
3796
3823
3825
3834
3843
3980
3981
3986
4006
4008
4012
4033
4072
4032
4074
4088
4108
4110
4155
4162
4173
4180
4183
4190
4197
4218
4221
4223
4228
4230
4237
4247
4249
4264
4282
4284
4158
4179
4217
4295
4303
4313
4314
4319
4326
4328
4330
4346
4348
4351
4356
4357
4399
4401
4402
4413
4419
4426
4472
4160
4283
4340
4341
4408
4437
4439
4527
4531
4549
4552
4565
4580
4591
4595
4608
4620
4625
4633
4648
4660
4663
4681
11184
4014
4656
4687
4696
4704
4717
4726
4731
4741
4743
4751
4764
4772
4778
4784
4790
4803
4808
4818
4833
4858
4864
4720
4727
4729
4799
4856
4902
4919
4923
4927
4929
4931
4938
4953
4961
5005
5042
5046
5047
5050
5055
5088
5090
5111
4659
4661
4951
4962
5089
5132
5133
5135
5145
5156
5157
5195
5196
5201
5203
5219
5233
5235
5239
5252
5262
5265
5270
5214
5272
5290
5299
5301
5307
5345
5381
5429
5445
5450
5453
5476
5493
5505
5506
5508
5509
5527
5530
5532
5534
5537
5399
5533
5541
5547
5564
5570
5600
5612
5613
5615
5627
5655
5660
5671
5688
5689
5692
5696
5706
5717
5719
5720
5764
5371
5546
5766
5772
5773
5787
5790
5799
5801
5804
5808
5822
5824
5827
5833
5907
5909
5910
5912
5914
5925
5929
5949
4285
5370
5882
5953
5959
5998
6002
6009
6017
6021
6030
6031
6048
6054
6067
6070
6075
6080
6081
6090
6094
6099
6119
1660
5461
6071
6124
6135
6136
6160
6161
6182
6183
6184
6220
6281
6340
6345
6348
6355
6388
6413
6415
6417
6432
6481
6162
6433
6487
6489
6517
6529
6554
6559
6565
6577
6588
6592
6640
6645
6659
6661
6665
6672
6713
6800
6802
6835
6847
6459
6525
6850
6879
6894
6896
6898
6916
6941
6944
6945
6947
6957
6972
6992
6994
7031
7043
7045
7057
7074
7088
7089
6733
6880
6882
7115
7116
7123
7155
7158
7173
7184
7188
7211
7228
7232
7234
7300
7301
7302
7310
7323
7363
7366
7367
6171
7145
7214
7231
7371
7377
7383
7388
7401
7402
7403
7412
7416
7422
7436
7457
7466
7497
7509
7511
7569
7571
7574
13020
7414
7425
7575
7577
7582
7584
7612
7669
7687
7706
7711
7755
7799
7866
7869
7903
7905
7906
7911
7916
7920
7941
7939
7943
7951
7959
7961
7974
7975
7976
7977
7981
8009
8040
8051
8059
8060
8064
8086
8113
8130
8163
8230
8232
8233
8790
8300
8352
8356
8357
8359
8369
8380
8382
8384
8390
8397
8402
8404
8407
8409
8427
8433
8454
8456
8487
8493
8499
8488
8529
8530
8533
8536
8543
8565
8567
8569
8570
8573
8643
8646
8648
8653
8655
8683
8691
8696
8697
8713
8729
8732
8505
8510
8512
8513
8694
8714
8734
8736
8738
8780
8791
8793
8799
8806
8814
8819
8820
8824
8853
8868
8876
8884
8908
8921
8932
8943
8948
8953
8973
8974
8978
8980
8998
9001
9102
9103
9120
9144
9154
9210
9229
9236
9251
9261
9302
9304
8937
8944
9305
9309
9311
9313
9323
9333
9340
9341
9346
9368
9370
9373
9388
9409
9410
9411
9496
9499
9523
9524
9533
9398
9536
9537
9556
9569
9701
9702
9704
9779
9806
9894
9895
9969
9972
10002
10006
10079
10082
10086
10143
10149
10153
10165
9653
10382
10388
10390
10394
10420
10425
10427
10429
10430
10438
10443
10447
10451
10559
10568
10571
10576
10590
10641
10642
10643
10675
10775
10779
10787
10789
10858
10893
10898
10915
10916
10922
10924
10943
10978
11015
11027
11046
11097
11105
11111
11116
11135
11138
11145
11136
11147
11148
11153
11156
11197
11203
11207
11216
11218
11219
11223
11260
11270
11286
11332
11349
11361
11372
11380
11408
11432
11433
11439
11450
11456
11457
11461
11467
11470
11477
11479
11480
11493
11517
11521
11538
11547
11571
11581
11586
11594
11600
11625
11626
11628
11659
11722
11750
11778
11784
11785
11788
11789
11807
11821
11844
11853
11856
11866
11870
11902
11917
11919
11924
11926
11935
12014
12096
12110
12133
12151
12152
12156
12157
12161
12182
12201
12205
12210
12212
12213
12215
12216
12218
12246
12248
12250
12294
12298
12299
12300
12314
12332
12336
12344
12385
12387
12389
12405
12415
12438
12472
12479
12482
12483
12503
12557
12619
12620
12655
12717
12850
12857
12860
12305
12343
12864
12867
12872
12879
12902
12909
12916
12917
12918
12933
12944
12945
12949
12951
12983
12984
12986
13027
13032
13034
13050
13071
13083
13091
13093
13094
13101
13104
13107
13111
13124
13128
13138
13164
13166
13214
13249
13267
13268
13273
13303
13334
