# removed nodes — method=Katz λ=20 seed=302554573
7167
2923
7432
5613
5138
7615
7081
13166
349
5803
10413
842
4160
13064
3389
936
3753
5300
4680
9306
7168
8009
9419
7169
542
5587
11858
3734
2754
3360
7066
11497
5496
13012
5391
6017
10433
1509
9681
2347
7992
13327
4350
11213
7964
12917
4481
2961
7498
4800
8348
12918
6663
3059
11466
9373
13297
5772
6993
2589
2049
307
938
4407
11464
3279
13088
7735
3752
3144
158
5386
4752
7047
1762
4421
2184
2969
7381
3037
8975
10002
7228
7481
3891
11658
5492
6030
8452
6632
7759
2321
12248
342
2753
4550
1968
13137
12915
11581
2802
3488
6661
1885
2243
3600
13299
8394
3294
2162
8158
6177
3010
8349
11576
4048
2135
7155
9679
3453
3620
1667
3697
7201
8382
2847
9234
5642
9323
748
4689
939
8402
1625
845
8934
5160
13302
3547
7496
4230
2051
3816
6783
7159
5911
13108
2368
2415
4228
1758
7079
11499
11896
13027
6633
11854
526
144
13124
5536
3459
5751
9410
4126
12244
4757
4799
3216
6180
161
3475
6780
4860
5533
3746
6220
7057
1213
2417
2525
11116
2364
4778
10006
4624
160
5752
517
1206
4704
5883
6660
1662
6348
6229
4898
9313
3668
3451
12153
7973
7977
2149
7669
2259
13294
2188
2200
2179
7536
12561
4803
4453
7976
4990
6337
2598
12014
8371
5296
1128
3726
11288
10576
3103
1166
6735
2987
7214
13068
2338
5949
13269
4742
12557
6623
3824
477
8128
358
462
7179
6738
2978
548
11600
8499
11218
7687
12479
4074
3628
13065
11760
2906
4852
5306
3299
3233
3061
4065
12949
2053
5356
3212
2992
6628
7393
7116
4745
11157
4356
12922
352
2065
13217
520
7923
396
4978
449
4792
10916
3638
1692
4805
6517
2650
12299
7917
1314
7908
8697
11432
4647
4919
8787
7466
3594
1931
3237
7202
471
6002
314
2458
11571
8352
5671
6125
1072
6247
6821
3823
2082
10082
6099
4057
3198
2348
11380
3609
184
13276
11665
1323
5055
7138
4334
11363
1245
8512
2362
1834
1866
4731
2967
6945
1999
11015
11136
5343
11479
8507
2999
3118
7395
3033
6358
6965
8881
4346
1553
1710
5109
13268
12148
4173
5051
12389
7367
4793
11903
12161
3056
7182
8433
4837
3774
1960
11623
4078
4006
6565
12335
8901
2782
5627
12183
11026
2768
11270
2887
9367
4548
9246
9447
1443
13123
8738
992
6004
11473
7557
11147
3350
7494
7951
4425
4840
7302
11553
8230
13091
9370
8530
7301
11029
1269
7191
3378
3479
4565
3826
2911
363
4914
172
2991
5117
6664
843
3623
11462
2879
523
3122
7000
2421
13164
6529
3050
1594
5050
5381
11844
6718
10384
7935
13296
2667
2790
11268
3254
13017
10790
10560
6847
7090
7434
1817
9334
10768
13070
4527
9260
5271
1301
3357
1184
2830
5203
5201
6120
9389
13215
8369
13004
10013
458
6882
5262
3686
3449
2795
10915
5980
2307
6417
1815
3986
2313
11555
7725
1949
13332
6670
8655
2169
5476
2868
4927
8238
8407
1800
7360
12948
2334
7293
468
11850
4340
10787
3116
4948
7979
2765
7985
2915
1811
8359
364
11286
5833
5914
9895
7968
961
13272
4962
7044
4784
2982
1883
2414
1190
4245
3520
1842
11828
4077
302
2086
11476
9391
3046
3098
7571
5762
3204
9690
2587
4812
13101
8789
361
2476
2920
99
4714
9489
4717
4285
8999
8510
8714
5399
2811
9118
6360
5618
2578
9229
8064
205
4808
4447
8937
7616
1542
5882
2216
198
9000
6136
6070
6640
10447
3810
3717
8060
2478
5678
4830
5384
9103
2302
13094
9360
11296
3247
4218
5941
4633
11653
8357
4762
9340
9698
6433
7414
7353
5239
5098
11046
3673
3525
5538
2785
11542
6880
4014
3591
7569
1164
1037
3301
13249
1074
4181
1879
3218
5808
10391
13020
506
5687
4331
8458
228
4424
1935
702
8855
2194
11340
11372
2929
8908
3663
3787
5974
1275
3232
13179
12411
9343
5668
6241
8694
13334
2436
3418
4067
5107
5303
11626
25
392
5202
2770
2418
9251
6257
8485
575
10969
2998
3764
4459
4894
8134
964
286
11009
13005
11142
11779
10004
4938
3035
6800
766
5909
5036
2138
7932
8800
10146
2443
4816
86
3506
7943
10898
5595
6961
444
13093
3698
10394
1482
2461
2907
5208
7436
5910
7700
10159
12857
5706
4402
6066
11103
423
3386
13111
354
6258
2621
1590
7329
10444
7231
11184
10577
4772
197
4237
3811
6051
6956
12253
5345
359
7443
12409
3821
5270
9005
3041
7232
2876
1602
3174
11207
10571
5170
3981
9496
5532
10506
7920
1830
5046
406
9533
10080
9524
1711
6171
10140
6108
4950
10675
8409
11109
7644
6698
7292
1671
1447
7180
4720
10169
11150
11408
10427
6414
5479
834
5444
2079
5666
7765
2745
2554
5501
7197
7493
2324
2248
1506
859
10779
9303
2454
2213
12298
3039
11788
2469
3242
5157
9339
1154
2675
6340
5374
9556
5382
6005
12482
3779
10557
85
3825
4701
3293
1078
4326
2356
1874
3528
11901
12213
1774
5689
913
10358
9196
11853
6776
5502
1729
8040
12082
1062
6573
12157
9368
4517
13277
3397
10641
9653
6230
12385
10789
4197
13003
2996
6954
13042
2310
802
4417
224
12205
3275
9394
2052
2624
12472
13104
1640
1713
6090
13050
5801
11594
4663
5824
5355
1205
5600
13071
1497
5045
3083
1221
6802
8300
9970
6081
7071
3843
7211
1978
6916
9677
873
7188
4080
3661
5655
5172
2264
8039
1260
7031
8980
8113
5407
4454
9623
101
7165
4595
456
1317
3270
8948
10420
481
13181
6054
8921
8536
1882
4790
1731
8799
12676
8388
5042
5696
8847
2960
5233
8820
3309
5912
4162
61
4351
5206
5665
7215
4012
7371
13018
10153
7905
5959
1152
3388
3502
2278
8384
1595
11443
6885
3517
2061
373
11216
1954
613
2299
6603
5493
8732
7099
2835
1391
11935
6613
6762
2828
9894
7423
12909
7916
5514
3667
1688
5235
1658
6434
8056
2456
8691
10922
2528
3414
3540
10775
1386
11470
3042
4736
7206
11781
4658
13309
1058
6226
4257
4401
4842
9537
5272
2350
5570
3836
9486
2964
7966
4406
4929
7614
3657
2815
3219
8651
911
2512
958
7053
2117
11436
4264
5301
5047
5827
10143
5530
4247
463
294
2854
4618
7732
4774
2579
5462
2325
4310
10015
2228
9262
3637
6068
7491
5445
6959
9307
1426
3552
3121
13033
2145
3297
8683
8788
5763
8736
12410
3224
3239
3117
4314
12250
4954
8656
11140
3509
837
3381
2808
6343
4849
1818
3200
6362
2083
11544
11625
12331
11135
7843
5175
11099
11481
8232
4608
4553
11456
6559
3470
9365
10392
1932
8130
6578
3235
1309
6713
9154
3621
2481
7799
8871
724
22
5572
4277
6941
5509
10893
3593
1598
12617
4865
7074
1868
6739
4319
6031
11467
6475
11517
8086
6615
2904
5458
11182
3813
6124
9411
13128
2265
11439
7310
7745
7115
4922
1642
4295
1452
10451
7961
728
570
12254
2358
1545
8118
1114
2383
11332
7318
1456
5709
1105
5506
11105
3701
8386
445
1600
5086
6894
7941
5822
1632
17
4110
2254
6281
7323
8943
1216
7612
6992
9806
11763
8579
3719
6912
12133
4330
12717
8953
3980
8696
5507
7401
341
7457
2872
12659
7949
4480
5167
9337
4008
1946
2304
12988
5565
2183
12560
5465
6474
3269
9685
1274
5033
3669
4033
3203
2295
4066
11829
5679
8509
5667
3777
6085
10086
5145
9120
6021
1127
12879
1239
12916
12850
6879
3079
8644
6248
2764
13138
6525
473
2553
12110
11722
1771
2088
5677
8978
5171
7413
9001
7388
11661
11807
5766
2783
7170
10078
2948
10445
8513
13086
8454
4273
3394
11458
9123
1699
11973
7334
4183
8808
7234
7577
3733
3563
8404
11158
2810
8862
5409
6355
6135
13196
4966
807
12314
12339
3178
1209
3690
3446
6944
5629
2320
9261
9311
3788
5342
2440
5680
5295
10382
13275
4662
1668
1222
8160
4648
12503
10152
8998
7428
11556
4788
2308
8405
1697
959
6659
3704
2343
8493
1663
5712
10899
7551
13329
1411
9342
1067
2898
3570
10879
9536
3172
3417
3358
8770
4754
3818
11477
10978
11146
1200
780
1812
1875
3245
1248
1936
5547
5173
465
8533
6347
5686
1889
11972
9346
1801
7350
12388
5002
11841
3834
8457
7043
7583
4571
4783
11185
11362
12301
12159
4456
5583
2085
6075
11586
4229
2777
16
3605
1077
2354
6076
4768
3560
955
11219
13214
7377
478
6487
7975
11156
97
8974
2760
8729
5953
4328
4159
7755
1580
2293
2845
6972
2159
1927
3562
5773
1877
12483
7914
915
11112
1835
8381
8884
6898
2003
3043
7352
3768
4313
11521
8844
1185
8543
7911
4980
11097
6119
1872
12865
2160
