# removed nodes — method=TIA λ=20 seed=302554573
4898
6069
4111
4112
4118
12318
4152
12407
4232
147
149
160
172
174
179
4295
8393
223
4351
12557
4391
8490
303
161
205
5909
6053
3077
7434
12305
8238
101
8300
141
8357
4285
12479
12482
4420
4424
354
4454
4456
361
364
377
11844
4990
5242
2307
3550
7712
11857
4102
86
8305
142
4245
156
4341
314
8509
12609
4444
4446
4488
423
4537
4551
4170
545
4760
1132
3493
139
8407
4318
8452
4469
8566
449
456
463
4565
477
482
485
486
492
4595
8713
4632
5426
8352
8355
8368
4356
4386
8564
8694
4609
519
4620
4639
548
575
8767
12885
12896
12899
12914
12915
12918
12943
12946
4717
3254
7985
6170
6180
6241
2173
10427
2264
2278
6403
2323
2325
6427
2347
10574
6513
6517
2461
2474
452
10704
6619
542
12950
7381
7451
6159
6222
6236
10437
6417
4407
342
2458
4550
502
6678
10789
2650
2656
6758
12920
4742
4753
10922
4249
85
359
2476
4527
8735
6698
6729
4734
12947
4781
8881
8890
4796
4808
4812
723
8932
4854
13065
8975
13070
13101
4786
5460
2142
8409
4340
526
10768
8780
10874
4780
4784
4816
13020
8937
13033
8981
4932
4949
2925
4982
13176
7066
2977
2049
2136
2188
451
6640
2754
2926
2981
937
939
13249
7126
3037
5088
5090
7152
5106
7155
7159
11264
11275
11286
3098
5386
4800
2785
2923
5055
7108
3035
3046
13294
11298
5157
3122
7241
3145
5223
5239
9341
1156
1160
1164
3213
11408
5268
2055
2361
9260
1098
11372
3180
3218
11420
11432
5295
11443
7360
7385
5349
7402
5356
3329
1301
3350
7481
9551
5476
3433
10559
10571
10578
6733
10928
13273
5174
11338
3211
5270
1191
11466
1321
3378
7536
7571
5533
5538
5541
5546
3520
3548
7644
2770
2887
9412
3275
3435
3453
1509
7669
1539
3593
1587
1637
3686
1660
3718
11924
3736
5788
5799
9895
3757
5833
3817
4571
4829
7018
11464
11499
5613
11760
5635
3628
11850
11902
3819
5882
1810
5910
1814
10006
1830
5941
6004
6030
3986
4014
2917
5050
3118
5363
1447
10002
1821
7970
5939
5980
8053
6056
12244
4054
8157
8158
4074
12290
12292
12297
2061
4110
12311
153
3474
7616
1943
1949
2058
4126
2083
2084
2087
8231
6184
4155
61
4159
4173
6226
4181
4182
2135
12385
2145
12389
4757
6954
5496
7968
6171
6243
4197
6258
12405
2168
4218
2171
12415
2179
4228
2184
6281
4237
10383
10385
10389
10391
10392
2162
4247
162
2222
6336
8384
2243
12486
198
6343
8394
10443
4299
10445
8402
6355
10451
4314
4317
4310
4319
226
4326
5492
5937
6154
2228
4278
8405
8410
4328
4330
2299
2304
6401
10498
2309
2312
6414
12560
2321
8485
294
8489
302
4401
2578
2215
6926
10358
8403
12503
249
4346
2319
6434
2350
8499
4404
2364
8510
4413
2369
2383
8530
8533
10582
6487
8536
8134
4248
8506
10556
10568
349
352
2411
2412
4463
2417
2421
12662
8569
4480
8579
2443
406
8601
6559
12717
6578
445
2050
4217
4447
12659
2435
2436
4517
2469
2512
10705
466
468
6613
6615
2524
478
6636
4591
514
6661
8722
2583
2586
6394
4399
10787
5671
4276
4284
12655
8645
2528
2554
10775
8732
8737
2606
6702
4657
4662
4663
567
12857
570
571
583
4067
12377
132
10569
10585
10590
4450
8647
6659
546
12850
4679
8791
8796
6750
614
4714
2666
10865
8820
4731
6792
8847
13076
8788
8808
8809
623
4720
4752
6800
6802
10899
2704
4772
4803
4807
8908
2764
10961
2772
728
8921
2777
2780
2783
944
2718
12985
4797
2759
13011
6879
13037
6894
6898
2802
8953
13050
766
6912
4865
6916
780
2832
8978
11029
8979
6941
1533
4842
748
2847
13091
13093
11046
2854
8998
9005
13104
4918
2873
4923
2876
834
13123
13124
837
13128
2890
6990
6992
4162
4406
4684
4831
13137
13138
6994
2904
7000
4955
4956
2912
865
11105
11109
873
2929
7031
2939
9084
11137
11140
11146
1028
1029
3079
3082
3083
9229
3086
11280
9234
9236
13334
5145
1058
7211
9262
5167
5169
7228
1085
1087
7232
7234
11332
1105
5203
9303
5207
9323
5233
9335
9343
3203
7302
7301
3222
5272
9370
3228
7323
9377
9379
11425
3239
1193
5290
3241
3141
3198
7318
3224
9374
3229
1195
3244
10414
3247
5301
11456
9408
3269
1221
1222
7371
11467
11472
11476
11478
1239
3291
5111
9363
5119
5299
1218
11462
7388
5341
3292
3294
5345
3301
7403
1269
1274
11517
7436
5388
5391
9496
1309
9503
7457
1622
2065
3148
5112
5298
1246
11505
5409
1314
1317
7466
3376
3380
9524
9533
11581
9537
5445
7494
11594
11600
9553
5465
13328
7423
5420
3417
3418
7519
1390
5505
7565
7569
9623
7577
3487
1438
1452
3502
1456
9653
3509
7612
5565
3525
5574
7170
9569
3449
7556
3459
5513
3470
1426
7583
5547
11705
11722
9677
5589
1497
9691
3552
5601
9698
5602
3560
3562
3563
2063
1172
1323
3547
3573
1538
11781
3591
7687
1552
11795
5655
3609
11807
5676
5678
4658
11826
1589
1600
7745
1602
11845
5202
2549
7735
7755
9806
3663
3667
5720
1640
1642
3697
3701
7799
11896
1658
5762
5763
1668
1671
11926
1689
1690
3740
5646
3657
5752
9894
1713
3768
5822
3779
1731
5827
3796
3816
12014
1777
9971
5883
3843
7941
7943
7951
5912
5914
7966
3428
5479
3795
3808
7905
3824
5929
7993
7995
12098
1863
8008
5959
3911
12110
1877
2906
1885
10079
7008
8039
5998
8060
3785
5938
5949
12147
7038
8064
6017
6021
7047
11148
3980
3981
6031
8086
2967
7064
6042
7071
13216
928
10143
9123
7076
7070
13215
6054
7080
1959
10156
12205
2991
6064
5042
12213
7088
8113
1974
8118
5045
5046
6074
6080
1978
7099
9150
959
1953
10153
11184
11185
11190
10171
10172
958
3010
11207
6090
7117
4048
13269
3032
8156
12253
12254
13281
4066
13284
6119
6124
964
4076
11247
3056
12274
5107
7158
2048
7169
11776
7173
6663
13321
4618
16
4625
3600
3604
8729
10779
6177
7201
9250
7167
4647
4648
5160
5673
3626
9261
3638
11323
11324
9788
4676
8775
4689
3676
6259
631
1657
6783
4226
3205
6790
137
4057
6108
5109
11380
8834
8844
5773
11919
8853
3733
3734
4762
3226
8348
8349
8862
9373
4768
1697
1711
1714
8884
1208
5023
7425
11521
7428
11015
7432
8974
12561
11026
2835
8980
2839
10013
9509
13094
7973
7974
7977
1834
1835
9001
8493
2351
2955
2308
2820
2295
5429
2360
2302
12607
2879
5953
11586
2889
7497
843
1866
1868
1872
7509
343
7515
10082
10086
11111
11116
13166
12148
4350
12159
5506
5507
390
2440
393
11659
13196
7058
3475
404
12183
5531
13214
1443
8869
7334
10149
2481
2948
4862
4017
7090
11189
2998
4535
5562
12987
955
8381
8382
5824
11457
6850
962
8130
8901
6085
6857
7115
7116
461
8128
1999
11216
7377
2000
6099
6358
4313
2265
13022
1758
1762
3810
4836
7909
6632
1771
11246
8433
7412
2293
6135
6136
4858
5117
7422
