# removed nodes — method=GNN_RL λ=20 seed=302554573
11439
6517
12085
7744
11474
2685
11137
4750
5292
4295
11467
5827
4932
6124
12850
7184
7394
8694
8871
6328
437
8536
1191
728
12951
837
9691
1452
10789
12988
8300
11680
6615
3447
8566
7235
9909
9894
3885
12878
5695
5712
6646
4759
11858
8943
4589
2476
2786
1603
3851
6300
6733
2800
1092
3628
8015
6993
1978
10006
6900
8348
8349
8953
4619
11372
10891
2884
4228
10133
2242
4982
4469
7705
5195
6619
4451
3094
3103
3102
1660
6624
3099
3100
10389
4057
7443
2129
6714
161
7571
11679
10423
4656
4923
1104
5910
7241
4463
2164
101
3309
8118
7402
4419
3838
6879
2967
8410
11850
1982
6835
930
11243
7943
8693
1625
7755
8411
6130
10437
11152
7979
4006
6423
13220
13219
542
2802
4898
11194
4088
12658
11150
5546
8729
6806
3671
12609
1289
10357
548
5259
7159
5496
10705
6069
12389
3435
3228
1175
7536
4126
11338
3056
4014
8738
8734
5086
2469
12717
5239
4318
3566
1885
12415
5109
4068
239
5237
9970
146
156
154
7492
4840
10090
10091
10081
138
4108
7644
10560
8948
423
7686
1542
1545
11264
11762
8368
8373
10922
8732
3985
4020
12213
7612
11380
3248
13020
11857
5203
7318
7616
7582
1731
11828
6403
12411
9408
3737
3819
355
5252
3310
2135
12945
5042
2240
5661
4314
4535
11408
20
468
1877
3517
7329
3511
1388
492
2368
3270
2578
4990
8516
4731
12915
4162
12472
1931
7403
12267
3673
5450
5453
6074
4609
4793
7432
3242
3219
7535
8452
11275
3600
13280
6281
4571
1497
8039
4918
4407
4406
4073
13123
13294
4319
2978
9374
11217
11213
3718
10675
3351
12933
727
10858
7155
10557
8128
5882
7712
10445
2754
11242
2415
5960
10382
13024
8921
5460
8847
11466
11105
4186
5174
8980
11543
11207
8485
11760
1036
8808
5235
7859
2621
2590
4786
1658
2653
5055
8820
7457
3697
3667
5046
3292
3294
3011
3817
3823
6055
11544
3140
2262
5507
2259
5562
5635
6977
1814
1810
12899
6241
6243
3842
4396
6479
10860
3314
7920
8086
4110
7416
5349
7565
9496
3141
6056
11443
177
3749
5565
3010
3488
2264
3201
2996
10932
7588
3459
7299
7961
3037
4218
2138
7353
3785
3609
5660
6885
9972
9969
396
5295
8384
1690
3701
5045
7070
13071
3555
4226
3164
4717
61
5345
7211
2777
6850
5883
13185
1585
13184
8434
3811
4350
10589
4346
11216
10578
10576
10571
13037
4305
2883
9851
6080
11662
5941
10574
937
9390
3796
5262
8394
13068
10506
7407
317
5956
2435
5764
8113
8064
12560
7236
939
2443
9152
8433
3686
2904
873
354
4054
3123
4008
1928
3911
11040
7334
198
8513
456
5492
2981
2982
7434
1185
10002
748
477
575
1588
3121
9524
4623
5386
570
162
4517
1510
4772
5388
7234
7232
2872
13128
3254
6414
6821
7301
1314
1614
11617
5612
6090
1465
3653
2239
1954
4197
8381
466
7285
12920
11901
1152
13327
6108
11683
4183
6119
13022
7201
2782
3502
4803
5138
13216
5157
3083
7974
5289
8510
445
12918
13064
3032
12557
572
573
5272
4768
4356
3223
1000
6896
6958
11473
6417
8691
1657
4792
2385
449
401
3239
11109
6135
13211
2992
7160
7202
179
2364
4180
6489
1689
13328
8579
7099
13334
13138
7481
6136
7707
12897
13298
9246
1445
9347
9341
9345
7494
5290
4527
4949
7436
7371
12243
7949
158
7377
7941
11458
11455
5304
5051
1699
7966
7916
6062
4155
2926
4633
6759
13110
10769
6076
5629
4662
1164
10015
13104
2651
7909
4776
9811
4617
7532
5107
4401
8158
5547
9460
7009
9358
2929
8231
2162
11491
623
2906
327
7466
7162
2512
2760
2481
10013
843
12183
86
8499
3591
5952
3545
3620
140
5513
6338
4745
199
7360
9367
9370
9389
9309
8515
5356
5909
7411
5818
349
4480
7735
2348
9197
5004
3704
2350
4217
7052
5363
13011
9413
4802
13215
8454
5097
2436
6659
3623
5497
4552
6752
4310
3417
3418
3637
5271
2246
2237
2977
8043
5340
8046
3663
7323
5233
5391
2291
7116
1221
4842
7420
7917
11026
11029
4313
7068
8019
3636
5269
11116
7497
2890
3669
1580
6783
1867
4300
5646
4961
6665
7118
5659
5912
10451
5914
7046
3205
3203
2850
13048
11581
4459
4757
4456
7422
294
3171
5599
569
11623
6005
3594
2066
3733
314
3350
955
4185
6359
6626
8382
3101
12661
2085
11826
3301
2764
392
10642
10641
13137
5106
4277
993
11776
5998
9561
602
4342
321
5772
5766
11600
11586
11594
8506
6957
8927
3768
3779
8788
8789
8775
11286
4565
10427
2923
3754
8605
2769
6578
2440
6085
3079
1697
2082
2081
4647
5532
304
11471
7167
1193
1059
3245
3200
2258
2987
1208
7064
3520
3516
9261
4549
12949
2888
10781
10473
3487
12948
4264
11156
1275
1274
7951
4689
3451
12866
13323
11319
7914
4626
4863
2948
545
9250
1639
1186
8908
2783
6180
2159
2179
3427
6067
8512
13166
5804
3453
6027
6029
2158
6031
525
5539
3474
5600
1711
8404
4954
3557
13130
8529
8568
1062
1166
4784
12332
11423
2000
3475
5299
9235
462
11924
11926
6099
4978
12339
11522
2991
2056
8493
1758
5465
2579
13129
8932
7076
7072
3227
7533
613
5036
5033
3209
4273
3506
8409
3222
8530
8533
2887
1128
13101
13091
2772
1502
2768
11015
223
5627
13249
2295
534
3381
12148
12159
1503
10788
11111
2839
12298
6760
11184
11362
5655
10779
10775
8131
10915
8643
11920
12205
5925
7290
10636
12388
9536
5820
11722
1777
12110
6559
11891
1239
7079
7228
12299
8490
1830
1833
12966
1840
7170
6459
11629
8548
8359
1482
1671
1668
7169
11807
1246
3563
1946
1195
10704
3450
13033
3562
11517
4858
