# COVID-19 target nodes
# total=546, clusters=4, ~cluster_size=136
3071
4005
8902
3005
2108
1276
6
7570
9660
1698
407
6637
10293
8385
4904
10576
8533
4760
10268
169
10495
6965
5728
344
4495
921
6614
7673
6594
7426
3375
688
8952
6417
7267
4924
79
931
1195
464
534
5695
1181
6972
6441
7590
4396
1604
6555
9720
4739
2509
8443
2615
2240
324
2078
7486
1650
262
6623
5599
6447
7142
9826
4602
7998
8697
5774
2316
7573
4064
10169
6754
10314
4161
10658
2079
2369
1157
951
2421
3110
5291
9832
9902
10423
10146
6022
2087
2929
3355
1557
6550
3676
9519
1188
6852
9387
1886
4532
4268
5544
8506
1289
7464
2630
5086
5301
6584
8718
3475
6120
8151
1395
1160
5832
226
3546
9567
2250
5080
2714
1324
445
18
8943
7741
343
4126
4680
3044
4723
3025
10694
9772
1103
6067
3689
1547
1284
5954
6400
7105
6984
9730
3323
714
4475
2101
6882
2556
6001
8824
7882
7094
10578
3972
8803
835
8734
5449
8365
3970
652
434
7657
2321
7095
3159
4410
4874
3933
8875
5917
7977
8635
4476
10208
5188
3915
8821
6282
4166
7809
3666
1403
10216
1806
2502
8079
2482
1575
9948
8132
9562
953
7885
8706
5693
3840
1333
1629
8232
123
8654
4669
7340
7698
370
3088
5423
5272
1225
1003
56
6527
8198
1713
1536
980
424
6840
7991
8730
8447
8181
4497
7054
9312
301
3281
9340
2401
5958
3698
1762
9102
10494
6387
3213
5687
3913
4753
5057
390
4329
141
2271
5413
103
4780
10540
6886
832
2626
2500
3454
3406
10519
2686
9939
7681
9956
3870
6595
5078
2597
1063
9168
6393
6180
8242
4804
7195
5528
2181
154
862
6722
112
981
1481
2486
6945
1233
3219
68
1414
2272
7239
2758
1615
2750
2315
10136
673
2986
4677
1537
7207
1031
4871
1890
7509
4529
2781
22
7767
7594
4873
5934
2820
3424
2683
598
8359
3312
85
4725
1751
3823
1148
10899
2803
4824
6073
2954
9162
2885
937
3954
10197
28
920
5199
5250
150
934
3421
923
798
3437
412
6064
4317
2492
3813
2309
8569
9983
4776
2995
7844
6651
7700
4863
3243
1508
4811
2219
4057
2167
4445
3285
1894
1089
2308
7122
7235
2541
1010
4526
6895
3234
1383
645
4678
475
8434
9082
5467
3144
2807
319
4656
4788
3882
5373
3956
3691
4836
2294
3290
2523
256
3425
449
3898
4111
3985
2862
671
5578
9039
9093
8595
5580
2812
984
6495
7246
1788
9238
5410
3871
7623
268
151
8846
5356
9830
215
1239
482
9237
9290
10303
805
768
4253
6993
9191
9026
3966
6263
1397
1055
3681
6070
5360
1892
10057
9476
8998
3184
7636
2602
3139
5085
1951
10207
5044
10467
5875
4482
4610
5278
2678
5390
5241
10147
7260
2867
10959
4661
9838
2192
8120
5407
9087
7058
3240
3163
5433
8831
9316
1097
8722
364
5816
4051
6030
6418
3979
4848
5972
7719
10364
1124
5101
7508
9119
6309
9150
4262
10460
8207
5110
5809
2320
5020
7323
7690
2164
9405
2635
3579
468
8639
2766
7331
7653
8432
9582
10194
10435
8750
8679
1930
196
4734
4373
10283
10835
5138
5511
5480
3456
5647
6472
9160
8677
9351
8471
10861
8269
2093
3371
2899
6931
10270
718
10900
10937
5756
