# final target nodes — method=GNN_RL λ=20 seed=738194223
8232
8233
8243
8248
8252
8265
4178
8276
4186
8297
8298
4205
133
8336
8337
8347
8358
8368
8370
8372
9939
4281
8379
8399
8400
8405
8411
8425
8428
8437
8442
8444
4351
4378
4383
8489
4392
8495
8503
8510
8521
8528
9835
8543
8544
4460
364
8564
8565
8567
8569
4477
8582
8587
4494
8592
4498
4501
8600
8601
3339
429
4534
4541
9865
8679
4167
8716
8718
8721
8725
4638
4644
4645
10694
4659
8756
4661
4666
8781
4694
8791
8793
7445
8797
8803
8804
8811
8821
4729
634
8838
4745
8843
8844
8845
8846
10713
8855
8865
8875
8880
9905
8892
722
8925
4425
4833
4848
4849
4857
4861
8964
4874
8976
6669
4891
4892
4895
4899
3415
9017
9022
4928
9025
9036
9037
9039
9040
4956
4966
3429
4974
4987
9091
9105
9109
7511
941
9137
5046
9154
9164
5103
1009
9203
2642
9209
9210
9226
1037
9237
1047
9256
1070
9268
9270
9274
10803
9307
9309
10302
5234
9331
9340
9344
5273
1181
5288
9394
9409
9411
5316
9418
5328
9430
9446
1261
5376
9480
1292
3514
9497
9509
1318
9513
5963
9527
5436
9538
6783
5467
5468
1393
9587
9592
5517
9620
10868
9638
5550
5554
5559
1467
5564
5565
5568
8185
5572
5576
10805
5594
9696
7627
9717
5624
9730
5635
9732
9736
5652
9754
9775
5686
5695
9794
5704
5708
9807
5724
5725
5726
5727
9834
1368
9850
5755
9860
9861
9863
5776
5777
1701
9896
4410
5809
9913
9918
5825
9928
5838
5852
9950
9956
9955
5868
1780
5880
5885
5891
9993
10013
5920
10028
10039
10040
7400
5960
5981
5987
5992
10097
6005
6007
6012
10109
10111
10112
10119
4456
6039
1952
6059
6060
10164
10168
10169
1988
10183
10189
2001
6103
6111
10224
10227
10234
6153
10264
6173
10275
2089
10283
6191
6194
10294
2113
6211
10316
10318
2129
6235
6255
2190
10383
10386
2195
10388
10206
2211
6308
10406
10426
2236
10429
10430
2242
2244
2246
8586
5951
10454
10469
6378
10474
6380
10492
2321
10518
2336
2337
6450
2362
6461
6470
10578
6483
10580
10589
6521
2439
10636
10637
6545
10654
6559
10656
6575
6579
6597
6601
10702
2516
6613
10715
6620
10720
10735
10740
6645
2549
10743
6653
6662
6663
6676
6687
2598
6696
10802
2619
6718
10822
6729
2633
6731
2635
6733
10830
10834
10848
2656
6761
10869
6774
6778
10875
6799
6803
10901
10528
9496
5644
10922
6836
10939
6847
4617
6851
6856
10957
10959
6868
10967
6884
6891
10987
6896
6913
6918
6919
3003
6925
1381
6972
6994
2925
7028
7050
773
2961
5475
2983
7083
3011
7121
7125
10052
7610
7139
3047
7155
9728
7176
3106
8102
7241
7247
7252
7140
3071
7307
7309
7313
3896
7321
7342
7364
7373
7394
7402
3314
3344
3351
3352
7447
7463
7473
7496
7507
3419
3426
3432
7543
4000
7567
7582
7585
7586
3507
7607
7632
7635
7649
3593
7694
3609
3612
3640
7748
3676
3986
3684
7780
7787
7808
7823
7830
3743
3744
7842
7843
3751
7859
10520
6452
3800
3806
3816
3820
7919
7923
7927
7943
7945
7946
7951
3859
7966
8097
7985
7989
7996
8029
8030
3937
8034
3958
8055
8056
8061
8063
3970
8071
3975
3982
8121
4023
8122
8125
8132
8137
8142
8162
8166
8183
8191
