# final target nodes — method=TD λ=20 seed=738194223
8192
9769
10585
8216
10589
8231
8963
4143
10592
8247
8249
9780
8259
10597
9783
8291
4196
10603
10607
133
4230
4236
8332
10613
4260
8365
8373
8380
4293
8396
4303
8403
4311
8408
10754
4319
8414
8444
10129
9129
4390
8491
8495
8500
8513
4428
4431
4434
8538
10653
8564
8566
4473
8575
8572
8589
8590
4497
8601
8639
10677
8664
8682
8684
10114
8695
8706
8721
8723
8731
8735
8736
8742
8754
8758
4666
8793
8806
9468
4732
8838
4744
4746
8842
10714
8856
10716
10718
8886
8900
8904
9097
4827
8943
8942
757
4859
8956
8967
4875
4877
8973
9924
4887
4901
9115
9011
9118
9026
9030
9035
9037
4941
9044
4949
4954
9050
9049
9946
9083
9084
9948
9092
9105
9111
5033
5036
9148
5056
9155
9166
9168
9165
5088
9189
10784
9205
9229
9232
9240
9246
9258
9261
5180
9281
9284
9294
9295
5200
9302
9303
9992
9320
9328
9329
9330
9331
5261
9361
9364
9401
5310
9411
10788
9445
9440
5360
9457
5391
10842
9497
9498
1328
9525
9533
5439
9535
9538
5443
9536
5447
9544
9553
5457
5463
9562
9569
5517
1437
9630
5536
9651
9645
5570
9672
10063
9676
9680
9252
10154
9701
9700
9738
1547
5646
5650
5652
9750
5666
9775
5695
9798
5704
9804
9814
9834
5740
5741
9838
9997
9843
9850
9852
5767
9868
9874
9878
9888
9892
9899
9901
9904
5828
9930
9928
10116
1773
9969
5879
5888
5896
1811
10007
10005
10013
10028
10031
1848
10042
5960
5962
10050
10064
10073
5987
10093
10092
6007
10103
10100
10113
6033
6037
6038
10137
10158
6059
6063
6071
10168
10167
10173
10172
6086
10182
6088
6093
10200
10202
6114
10214
10225
6143
10242
6153
6156
10254
10256
10261
10262
10257
10275
10277
10278
10276
10287
10291
6201
6204
10301
10300
10187
10795
10190
10318
10194
10338
10342
6247
10341
6255
6257
6263
6264
10376
6299
6311
10405
10416
6320
10425
6336
10433
2242
6339
6338
10442
2260
6366
10456
10457
10469
6379
10475
10476
10477
10491
10493
10496
10498
6409
10512
10515
2336
10527
6443
10542
10551
10553
6461
6462
6464
10578
10599
6513
10616
6522
9438
10627
6554
6559
10664
10666
10679
10685
6601
10269
6614
6619
6625
2541
9460
6648
6650
8648
10740
6659
10753
6673
6683
2603
10798
10802
10808
6716
10036
2630
9479
2641
10846
10875
10884
10885
10889
10890
10920
6829
6833
10926
6836
10939
6849
6895
6896
9718
6914
6917
9519
6944
9524
2875
6971
6976
6983
6998
7002
10351
10353
7043
7048
7050
10358
2982
9548
7094
7107
3012
7125
7144
7934
7159
9564
3087
3126
9578
9580
10871
10396
7295
7296
3213
7341
3273
7379
7385
3332
7430
7432
7444
7457
3370
3379
3387
7491
7498
3406
9632
3413
9637
7547
7553
9643
7561
7562
7567
3489
7591
7598
7602
9341
10611
7628
7631
7639
10561
9665
7674
10481
3604
3611
7722
9677
9678
3648
9100
7757
7763
7779
7787
7792
3699
7810
7811
10507
10124
7814
7816
7827
7834
7846
7860
7866
7889
3804
3811
3812
9712
7911
9432
3839
7939
7950
7951
9995
9109
9923
7984
7999
10087
8025
3932
3937
3940
8041
3947
8044
8047
3954
3955
8050
8054
8929
8063
8068
10567
10580
8121
8139
10575
8159
10577
8165
8171
10579
8180
8187
