# final target nodes — method=TIA λ=20 seed=738194223
8426
4369
8483
4493
4596
4648
4649
4654
4657
4658
4667
4669
4671
4727
4730
4732
4734
4735
4738
4739
4740
4741
4742
4746
4747
4754
4762
4774
4809
4810
4813
4814
4816
4823
4824
4835
4853
4859
766
4863
8963
4876
4877
4882
4889
4899
4901
4902
4906
4911
4913
4918
4921
4924
4925
4926
4937
4946
4952
4955
4977
4989
4991
9121
5036
5046
9165
5069
5080
5083
5091
5092
5094
5096
5098
5101
5105
5106
5109
5113
5114
9214
5118
5121
5124
5131
5142
5145
5148
5149
5150
5151
5159
5167
5170
5175
5186
5187
5188
5189
5192
5194
5195
5332
5349
5384
5387
5388
9518
5441
5443
5445
5447
5451
5452
5460
5461
5466
5468
9602
5523
5563
5565
5584
5650
7640
5682
5685
5705
5708
9821
5729
5746
5749
5751
5757
5760
5810
5816
5817
5820
5824
5826
5835
5836
5847
5886
5890
5896
5907
5910
10010
5918
5932
5939
5947
5954
5955
5958
5980
5982
5985
6001
6027
6032
6034
6036
10135
6039
6043
6047
6048
6049
6053
6061
6115
6140
10243
6206
10312
6235
10346
2225
10420
6330
10497
10506
10510
2325
10564
10580
2403
10602
6506
2416
10609
2423
10629
2439
2441
2453
2475
2478
10687
6598
2504
6611
2533
2540
2548
10762
2586
2592
2594
2599
2601
2615
10809
2619
6718
6719
6720
2622
2627
6722
6729
6733
2646
10847
2662
10855
10873
2681
2700
6800
6801
2712
10907
6812
2715
2742
2746
2750
6847
2752
6852
2758
10951
2760
2759
2756
6859
6858
6861
10961
2771
2772
2773
2779
2784
2786
2791
10984
2794
6892
2797
6900
2809
6920
6922
6923
2838
2847
2849
2850
6943
2856
2865
2866
2877
2879
2881
2884
2885
2887
2890
2891
2896
2897
2900
2901
2906
2919
2924
2927
2933
2938
7038
2945
2947
2948
7045
2951
2964
2965
2966
2970
2984
2985
2988
2996
2998
7112
3022
7121
7122
7123
7128
7129
3034
7130
3039
7132
3042
3038
3050
3057
7157
3062
7158
7159
3065
7161
3084
3087
3088
3100
3104
3108
3109
3115
3119
3122
7255
7264
3177
3180
3181
3183
3185
7290
3195
7291
3202
3203
3204
3208
3210
7308
3228
3234
7331
3241
7366
7392
7393
7402
7427
3340
3342
3357
3363
3365
3368
3370
3374
7471
3384
3388
3397
3398
3399
3402
3403
3406
3408
7505
3412
3420
3430
7528
3439
3441
7548
3458
3461
3462
3464
3465
3468
3470
3478
3479
3480
3481
3482
3486
3488
7585
3490
3499
7596
3501
3506
3509
7607
3511
3513
7613
3518
3520
7618
7625
3543
3544
3545
3548
3551
7642
3554
3556
3564
3566
3570
3572
3573
3577
3579
3581
3589
3594
3597
3606
3611
3617
7720
3624
7732
7754
7762
7772
7780
3695
3697
3699
3700
3702
7810
3726
7844
7847
3759
3764
7862
3768
3769
3771
7869
7874
7878
7879
3810
7911
3819
3821
3824
3829
3830
3833
3837
3840
7939
7940
7941
7949
7950
3879
3884
3885
7982
7983
3889
3888
7993
3898
3895
3901
3904
3905
3907
3913
3914
3925
3931
3932
8033
3938
3946
3948
3954
3955
3957
3961
3966
8063
3967
8065
8064
3972
8069
3991
3997
4000
4002
4005
4006
4008
4009
4012
4013
8114
4023
4024
8115
8129
8130
8132
8137
8139
8142
8149
8150
8159
8169
8186
8189
