# final target nodes — method=Katz λ=20 seed=738194223
8197
4104
8204
8215
8249
8285
4090
8296
4220
8318
8328
8330
4241
8339
145
4263
8380
4284
4110
4307
8412
8414
4321
8426
8432
256
4359
4939
8474
8472
4383
8525
344
349
8566
8569
8574
8577
4498
4493
4496
8607
4516
426
8625
8630
8636
5787
8654
8656
8666
8680
4617
7431
8729
8744
3441
8752
8761
4672
8795
8797
4713
8817
623
8823
8826
8825
8838
4742
8853
680
683
8876
8886
8884
8899
8903
8910
4828
4833
4846
4855
8962
4866
4874
8970
8981
8982
4890
4883
8997
812
9119
9020
9023
833
4943
1798
9050
4966
9086
5001
9105
5026
5033
10770
942
9133
10772
956
9147
970
982
9182
5081
5896
5093
5096
9191
9197
5103
5114
9221
9223
1029
9232
9235
6720
9239
3465
5149
9250
8352
1059
8353
5169
5188
9293
9294
3464
5228
9321
9333
9363
9365
1173
9378
5287
9395
9401
5305
5309
5328
9427
9436
9435
1250
5386
10842
5398
9505
1316
5429
5435
9535
9538
9539
5447
1362
5462
5459
7599
9568
9569
9582
5491
5493
5977
5516
9625
9635
5540
9638
5547
1472
9694
9714
9715
3559
9723
6006
5192
5641
5656
9763
9761
9782
5694
5696
5704
9797
9807
9817
5723
5725
9836
9852
1675
9871
1701
1702
5803
1713
1708
5806
9923
5828
5848
1163
1759
9947
1165
9959
1769
9967
5870
1779
9981
5901
1817
10011
5914
7563
10046
5953
10052
10066
10064
10075
5259
10083
5261
10087
5994
10092
6003
10110
1931
10134
6043
6040
1969
1990
5280
6086
10979
6095
2001
9355
6105
10201
6098
10212
6115
6125
9359
6143
6148
2053
10249
10254
10258
6165
2064
6926
6184
2092
10298
6209
2116
6216
10192
6248
10351
2164
6271
2176
10373
6293
10391
6302
6303
6304
6320
6323
6338
5330
6332
10440
6342
10453
10455
2263
6380
6374
10471
10487
2296
6397
6407
10519
2331
10528
6436
6438
10551
2912
10558
10560
2914
10568
10569
10571
6475
9428
10580
10579
6495
2395
2918
2408
4492
6517
10191
10627
2439
10632
6536
10639
2476
10679
10682
2495
10691
10695
6596
10707
6614
10733
6673
6678
10784
10801
10800
6714
2633
2641
10837
6750
10852
6762
6771
6781
6789
10903
6807
6813
2719
6241
6833
6835
6843
6849
6858
10956
2768
6860
10968
6251
6888
2829
6932
10335
7895
2867
6972
2876
2882
6977
3371
2895
576
579
7017
10354
585
7045
7058
9887
7060
2963
2976
2978
3049
7085
3014
3020
7118
7112
2230
7133
3041
3063
4679
3078
7183
7198
3109
3117
3120
7250
3160
3168
6329
3197
7150
7309
7310
3222
3225
7153
7154
7324
2269
8784
7338
7342
8788
8789
7977
10424
10425
3308
7404
7409
7414
7421
7424
7427
3340
7436
3337
7445
3364
4739
3368
6368
6370
3115
3388
7491
4749
7508
3420
3424
3433
7539
7544
3446
7546
3458
7564
7589
3500
3507
7607
7608
8844
9659
8845
7641
7646
8848
3572
3591
3590
7694
7692
7712
3623
7722
7737
3662
3664
7783
3682
7787
7790
7810
3726
7834
7860
7888
3797
3799
3801
7898
7911
3821
8781
7921
2390
3834
7948
7951
4023
3865
3878
7978
8000
3220
8016
8023
8030
8028
3947
3948
3989
3986
3994
7307
4000
4007
8121
8125
4030
4028
8132
8154
8158
4066
5695
8179
4085
8182
