# removed nodes — method=Katz λ=20 seed=738194223
1323
884
120
124
974
234
21
577
96
174
48
1418
1094
852
12
453
179
257
26
1613
869
1088
547
15
548
122
1585
862
564
150
271
533
556
1605
68
554
615
112
1330
1289
198
1156
116
555
70
939
170
709
1528
538
1248
1016
1013
1150
580
831
249
57
1621
134
292
244
621
1192
188
55
1741
1361
562
232
29
162
312
90
438
266
310
1958
1405
695
865
131
595
1757
1125
87
41
618
976
1190
867
1223
1395
470
860
1251
1259
654
1039
581
1324
1571
543
2432
171
109
141
944
233
1310
847
1582
1933
588
143
626
302
604
4
1243
1553
1274
1284
1135
147
166
857
1333
1307
924
1225
743
645
1391
674
214
2459
211
437
724
1254
219
446
277
217
684
854
433
300
566
2233
667
2352
2471
49
255
241
137
307
861
1298
253
608
630
189
190
2394
655
2038
1414
1421
1891
313
652
698
212
736
1224
843
1205
16
1991
1524
197
1550
102
1260
2168
443
607
229
1913
126
91
98
1055
1169
1339
1394
1785
261
1427
3170
1080
670
129
136
713
1335
1934
1138
855
28
200
893
3180
1617
537
2105
896
89
1408
1245
977
195
2523
846
1562
3914
1379
1753
3005
1945
1336
895
1895
856
115
1760
3459
289
1366
260
1384
210
885
451
947
1837
44
46
875
246
1537
56
898
22
1371
447
1025
1987
3582
1359
644
1598
2892
1036
1580
1845
1074
1533
2
1957
2485
2551
1358
1752
1636
1202
1477
2130
1160
2930
848
456
3897
3748
2434
103
434
311
1748
1293
6
798
1595
838
2845
1793
2456
891
2332
2713
678
2136
1925
840
1927
1781
1419
1241
571
1941
694
1004
79
1761
104
154
2048
1266
113
50
1179
478
1299
671
955
187
250
1897
592
1573
2534
1034
650
1577
1979
2117
2228
2643
182
1956
1364
119
1432
3993
3721
2335
1322
1777
1415
1311
1634
689
2874
2384
1814
35
981
2397
2346
1191
1380
1776
2491
243
3345
565
2473
88
979
1803
149
1105
653
448
101
628
1255
664
2196
1240
559
491
1546
1575
635
2969
1258
520
830
1778
2138
3174
782
479
642
777
1153
1198
515
1670
796
1272
1751
739
461
2067
24
464
130
11
2422
873
2468
1040
1544
1058
2926
110
2415
3578
1993
540
475
1126
2602
900
205
1629
2393
2503
851
1296
1114
1889
4380
1242
223
2825
513
2364
2382
760
1275
787
2402
2087
4705
66
3512
553
2157
524
2778
485
1622
2483
1810
3232
39
1645
665
276
1820
439
552
215
1280
2040
4538
294
3720
1903
1839
4536
911
783
2267
2317
259
2147
3715
2916
892
227
3473
480
2111
3627
907
315
926
3634
3979
4752
3643
3884
2751
542
744
445
594
1290
2800
452
2201
2161
2689
770
2755
934
1766
3278
418
3231
2754
1089
866
2758
52
251
84
3712
3887
882
888
720
3027
1545
727
18
1808
4334
370
1851
2787
53
1921
2281
2501
2148
2856
1069
2785
2853
1789
2045
3189
267
2039
1594
1273
1079
3472
1459
1628
659
2615
114
1657
305
697
692
663
4417
1514
3169
781
1462
1535
500
3064
3118
4379
1027
2109
988
1446
6493
3670
3257
1900
525
1496
1709
1619
3300
2721
196
5008
494
1005
870
1873
2155
7206
421
4658
263
2042
2740
6031
2568
1455
128
1337
144
1867
1542
127
535
1954
763
3650
1964
1567
2562
817
2187
1939
1109
1746
458
937
1902
2808
587
1608
1194
7188
4548
613
1783
1229
627
303
496
4416
2146
309
786
1935
5131
3653
5092
465
488
530
4686
4777
467
611
3658
703
495
728
3671
1071
1180
254
681
826
499
1549
2376
4509
156
690
602
1937
161
1928
3292
1452
1017
1075
954
1463
4562
1413
1113
1445
4121
420
832
2007
258
4971
4563
4244
967
5005
2521
3493
1120
1443
1182
3477
2606
928
1812
3250
123
3641
3741
897
3717
4981
704
2205
2818
3316
5076
4248
3776
844
4547
3367
2000
915
2178
2329
5264
1028
1282
836
2863
2980
2218
4333
4484
632
2819
706
2490
742
1736
2651
2290
2945
4374
2424
721
427
1342
2133
2974
1984
185
1758
1271
314
3706
1507
3244
1938
338
938
2910
4035
2506
4093
2452
3297
3728
1287
3141
3256
2699
3503
3759
213
4062
288
1453
436
3765
93
1411
1548
1185
450
220
1943
3460
317
2070
384
4269
330
3295
222
270
2118
2350
4262
2796
1008
1714
536
4254
1960
2617
1529
1816
19
320
1828
714
4247
1376
953
3249
3753
293
2386
2366
1049
2102
3423
1852
4252
2550
1166
563
3242
4120
2297
1387
5066
2023
4695
2135
3793
3140
2775
390
2288
2466
5562
5094
3730
510
481
2941
1599
3708
600
835
2531
853
3848
3923
593
3718
2823
1389
4377
1666
2593
3916
2232
2457
2413
3687
505
72
3854
76
2419
1060
521
490
100
4816
769
160
737
472
2461
3574
54
4101
1857
1497
4251
2295
3247
1476
1556
1230
1965
4391
1448
1338
2743
1551
3665
5409
631
2714
1968
1504
3638
764
868
172
1449
2492
4756
2075
3523
3230
5402
1821
2069
1944
1493
691
1511
3815
4585
5400
7191
1515
1142
5271
1768
3138
1291
2361
5209
2781
3823
82
3266
1451
85
809
301
7163
7131
599
5407
4072
3218
3860
1632
3023
1730
1981
3255
2359
2166
5401
6496
1132
2308
1685
393
3
546
1624
3734
4216
4026
2082
5739
3736
2747
4583
4141
2802
4339
2854
3711
2245
5221
3302
1536
2032
1874
987
4150
624
1218
352
4229
2226
20
2609
5203
3833
1719
3912
1527
2279
1090
4235
2812
1146
238
3709
1962
2815
38
518
265
5506
6707
1129
1302
1122
1
4304
741
1786
3192
4526
1066
4544
930
3254
3488
236
1385
2750
725
1661
2770
5204
3461
693
1791
152
791
369
750
2692
890
512
2745
484
3496
1227
1482
262
59
780
334
2881
1326
841
1721
3673
2096
2497
2522
1367
4552
2702
1583
2400
701
568
6065
204
2479
5674
1257
77
2962
1372
2907
2333
3093
3497
1399
4387
2444
1252
1207
625
308
1955
440
498
2009
3755
3130
808
584
2405
2198
1635
3166
1805
2683
1268
4142
86
3148
3181
4061
2451
3124
5102
5153
2477
449
2813
4573
3723
1050
4761
541
3732
918
1543
2027
2026
3740
3702
4937
802
1558
3219
181
4554
1936
2760
4103
1149
2004
1157
4438
1103
1158
1147
1924
1110
3299
4347
2183
3886
3725
877
3630
1749
58
2614
209
3927
4166
1806
2206
5002
932
5687
4259
4203
1731
1350
4242
2315
1021
4065
3211
304
4096
5091
3216
2816
2662
107
1650
1062
1835
4734
4112
281
4032
1237
3965
4445
3858
4767
1007
221
1898
1718
2013
1065
1154
2868
4592
3901
4560
1972
3926
468
5235
1727
2099
1136
3407
3686
1654
282
333
207
549
5732
1910
4174
3145
1097
199
3842
3974
4556
2294
4138
5751
5029
4139
4550
2511
1878
2043
774
5413
2306
1912
3159
574
3631
2807
1434
4168
1115
5500
504
526
5621
4208
758
121
2855
6414
2620
3991
5239
2870
191
827
2576
3268
2150
1949
6390
2488
1084
5073
7446
511
3585
966
3045
4559
1864
1656
3710
1767
1995
2749
1235
295
5270
2077
7211
460
45
1603
2030
1593
1695
4193
2866
3713
646
3628
2865
1540
2530
367
4936
4404
2821
2145
1572
7203
3165
376
173
2282
139
7021
7298
1804
4250
355
1961
3625
2685
2283
3714
6664
348
2703
2626
34
183
3575
4693
1392
7173
2973
3264
4814
1228
2998
3281
1383
7223
719
328
1518
1061
2971
2484
4561
7235
3282
2554
5168
3259
3532
2675
1470
707
4016
6624
3796
800
7685
3925
3787
5229
1876
818
2570
7686
273
483
2005
1093
4131
1483
5295
5513
2991
2179
940
1686
4897
528
2673
192
5595
6051
2086
3329
6030
6602
2696
4022
2378
5104
2665
2949
4994
4553
1587
459
4618
1212
1222
1409
1684
3445
2339
776
1687
801
4451
845
1161
508
3482
3328
4654
4448
2365
5265
5
5980
1668
3788
5113
3265
4108
1980
2744
492
2677
806
4750
1883
4611
2081
3541
206
687
6893
964
5769
5009
4838
2805
975
3274
4408
4651
3030
2062
2736
6428
1519
2354
7615
4190
1402
4467
1108
5017
3899
4127
3422
2144
1711
2083
3750
2536
296
1051
3635
1509
3318
503
2850
708
6820
916
1901
224
3745
3944
1300
2014
7179
5514
1830
1735
679
3190
3527
4113
5702
1355
1663
2079
4606
3733
4959
1400
788
4578
3293
1678
4571
6641
6510
2489
5563
2769
4094
550
3492
1239
1086
4165
2247
7227
1422
4353
1134
6651
489
2172
3305
1923
2275
1438
2316
688
2274
1853
4759
726
5843
167
6507
7208
4136
989
2798
1693
3167
2571
813
37
2597
946
178
4787
7570
5485
700
7691
252
1843
2596
7177
3172
230
804
2543
5074
1294
2872
6229
3659
6798
2507
7231
1306
2734
97
2018
7197
3761
1249
6072
754
1992
2486
4495
4454
1319
247
477
1035
1971
2563
2500
5860
1353
2449
2029
2180
4507
4272
1733
62
3678
5042
2508
2732
3841
730
640
643
318
6534
6430
5299
7047
5640
4365
2154
2927
5308
902
3772
2646
4376
386
734
3766
2108
1386
699
2370
336
4025
399
3233
5137
7229
473
2011
5100
3462
1697
3862
319
4514
1604
5212
1124
2396
572
972
633
6757
4147
5110
3391
5086
1425
2939
1557
2671
6604
1600
95
4181
2544
1723
6089
25
7120
340
1030
5403
7204
5060
2256
2437
5275
4045
1501
850
4346
2838
2392
1652
2591
8
6686
1841
3173
1189
3258
6122
2621
2938
2163
2076
3581
284
1521
6346
4751
4271
3680
1539
2947
4716
3296
4140
1121
1269
2036
1187
2171
2774
3363
7601
275
3271
983
5417
5119
2192
2672
1947
1688
4753
31
3843
7207
2885
1850
1911
814
1625
1417
784
8085
202
1370
148
1440
1508
912
2326
3549
4013
1148
73
6416
4770
4764
3401
432
1032
3562
1525
4699
1725
3701
3094
5543
8082
793
6167
2425
4283
3794
717
2285
5257
2324
3956
2759
3455
397
4270
287
4793
4577
5859
1303
3007
4823
6873
957
5055
6640
3262
7092
4781
63
6643
3696
6298
3105
2214
7728
4117
2414
4678
3705
3521
1710
165
748
231
7717
2455
3456
391
5771
2783
6296
1915
409
3694
3320
3535
1236
2298
2349
2319
1466
3246
1485
2742
1234
2380
3303
506
6386
1002
1513
7676
668
2707
1893
1932
4239
237
378
17
1802
4735
2861
2762
1087
2002
1226
1999
3546
387
2255
5476
1429
1576
2357
3209
712
3067
341
6745
4400
2338
2202
5118
225
1390
1966
6326
180
1712
3490
4572
6570
2572
4412
2440
2090
6639
297
3085
5028
1356
1775
350
2852
6539
2782
2728
3596
651
1044
6164
2022
1499
5225
1091
7240
6134
863
2843
2160
2095
7195
3835
597
4021
1970
2958
1502
5979
1288
1953
5511
4803
2715
2940
6029
2143
5166
2348
2970
7068
7217
1899
3749
3537
4439
3875
622
5150
610
6066
2578
1096
2911
7135
2720
1579
6623
7357
672
2610
2884
816
1796
5679
2427
8363
756
886
4979
4725
3283
6550
1033
2403
7031
5289
5195
8116
6819
3038
7230
2691
6382
2054
6642
1914
7829
371
3418
5020
616
5224
5248
1000
4422
1172
7573
8287
3399
7681
5039
1505
6608
1618
1003
4419
1554
1659
1341
2049
7100
1164
6818
6814
583
6190
6691
4396
6424
3769
3526
7010
573
6705
3652
5432
5619
5618
2519
4998
3186
7312
5477
1930
943
609
2387
1631
919
5414
1053
1834
5858
7023
3917
1112
4356
5345
3645
2499
3184
3752
561
1424
138
1492
7062
516
1232
4123
6500
1959
2436
775
5602
69
4441
2879
5284
1360
1159
4175
1140
3651
1102
1494
501
7323
5219
1474
4698
1457
5306
3688
753
1844
5196
6170
4789
4265
985
321
1728
5423
1083
5472
2091
486
2379
2997
7679
4358
3663
2746
2016
6090
373
2891
290
4505
5974
3004
7259
2579
208
7955
3323
1559
8768
4414
5281
3649
5949
3245
1281
2537
3324
3846
3919
2679
1204
4130
3557
1484
2718
3321
2019
8066
993
3819
733
3783
3285
2801
4256
797
5768
3317
5586
5151
5921
2674
7256
905
4332
4790
3780
2831
3161
1076
1447
2377
4469
5928
6468
3437
2470
8960
7168
4701
2869
2624
3960
723
2820
3883
4442
5044
3183
6282
1253
815
7668
7340
6283
3968
3083
6360
6934
5654
2025
7594
7261
4221
1737
299
755
3095
6070
4245
6515
4595
3499
3248
4185
1117
4078
2709
7074
400
935
2628
2033
1020
9167
1512
151
4542
2472
463
910
4226
6530
1602
2098
4653
159
1442
7061
6911
1905
601
1526
1054
441
5236
216
2773
2114
7105
32
5515
1046
636
2446
4818
354
8090
789
2015
522
5181
264
1001
4480
4798
6692
5276
3263
1683
2966
6574
4632
6419
619
5217
1681
4114
3182
435
2264
1486
6417
1101
4635
3403
6492
5108
6526
3778
3891
401
5451
4721
3291
4144
5135
1151
6841
2826
3251
2313
5425
968
1270
1640
7189
3824
27
7663
6518
4360
1431
4238
7349
3941
6802
385
4479
4095
1267
2383
4513
5030
2828
5336
392
5585
7650
2351
984
7218
3900
2481
4727
1082
3289
7915
1321
6727
5973
4995
9144
4688
945
6418
3995
1444
6767
1116
2965
4881
3223
1983
2363
8054
1871
7916
1831
5006
7577
3758
2697
925
337
2320
6429
1304
7815
3294
425
747
3729
194
5789
6044
5434
2518
4997
7614
5786
2340
2859
3261
4710
2837
1630
6980
2119
2278
6222
5912
4163
4155
1152
6050
4146
5230
2367
4038
5795
6785
4145
1671
2789
3269
395
2251
1597
2227
883
4041
7024
1085
658
2122
3853
5018
3025
3870
4154
4149
7851
8986
4594
6354
729
186
8205
2189
6850
1887
952
5054
2068
4487
413
8027
2301
6587
6508
3724
2106
569
1570
81
3008
7079
4871
8271
3330
1799
1343
2085
2589
3137
1607
4934
4486
2525
1673
1800
4336
2559
4388
5372
762
4680
153
4081
158
8416
864
4482
4047
2654
94
5068
5947
2012
2935
8201
834
5040
5430
2857
4491
248
5697
638
5352
1503
2814
6804
1660
8026
7767
4812
1214
3453
8550
1077
2817
8295
6237
5038
7222
1023
2496
47
3731
7805
3018
5945
3681
2310
4508
3149
67
3818
5633
6439
7667
7689
8131
3104
78
7690
4743
3276
3556
5844
5807
1398
7857
8553
2374
431
4474
6810
7175
2480
5549
3742
2566
4449
2893
2208
7804
4261
4106
7956
5522
4274
2648
2686
4530
4277
9281
1200
5365
6260
6514
1410
532
4300
4076
1989
7448
614
2334
8769
4656
4582
7458
1188
2327
2401
1201
696
3010
3467
5479
8481
8450
1072
5037
9
1916
8546
5043
8676
8448
1704
7130
5598
5246
2248
5690
5022
4639
5782
1998
8002
921
2896
1475
2827
6568
3838
6119
3270
4389
3536
6212
4273
3483
2044
6898
819
612
7041
1724
5632
2532
2560
5508
4779
5359
6628
6603
5130
3101
3872
3837
7522
5004
6823
1131
4952
5482
2080
5302
2399
1717
3950
880
7536
4925
1838
4648
9384
3621
6128
2616
5394
1836
2409
3943
3389
3667
4459
596
1880
5853
7266
5404
4184
3636
3722
7174
1401
1041
7835
2031
5354
7746
5834
1510
2153
5272
1888
7509
2465
7595
3227
3236
3002
3551
1967
5437
6665
2622
6621
666
3188
5367
5269
3695
6826
4430
4763
1877
2752
6163
5218
3313
4157
6870
5793
4968
1795
3193
4602
1642
9062
2799
7467
6028
1530
8048
2953
416
4402
2784
3234
6393
7893
1006
6383
2592
1045
4960
3844
1707
2612
8206
1426
4403
5159
4794
5944
7171
5019
4432
2487
2771
3906
6695
3164
454
903
6388
2140
2611
2474
3877
3476
4447
3825
5083
6290
3561
7603
4453
7897
829
6113
1694
5893
637
6779
4056
7680
914
7465
4409
1397
3911
3583
8935
2603
4323
1022
8268
1305
3868
3050
6245
482
8839
6155
6947
8266
6784
6499
1403
6991
2574
3298
4158
7798
388
6214
6193
6083
765
6485
7992
5996
6169
5341
6801
4922
3260
1963
5347
1538
1256
3177
3386
7891
6549
3019
3840
3000
5300
7354
5887
1982
8985
3336
7086
7181
2229
6703
3952
6288
6607
7740
6352
5013
7696
5016
6987
9573
9469
6343
732
1145
8360
8990
3567
2888
2623
5837
4003
8199
6822
8008
398
1193
7097
5101
2151
5050
5779
2203
3810
6863
2580
7294
6809
4450
1973
7216
363
1584
5791
2152
4357
6250
6025
2093
2569
5699
8401
7580
5483
7225
8493
10247
605
3938
2995
5733
6523
4191
7244
2219
7239
2398
1331
1329
8095
2954
3534
3985
2121
7789
1345
201
8079
2302
4105
5815
4604
7106
1127
4137
65
5897
3080
1997
2741
5743
5630
3757
8578
570
5666
6997
2412
8518
381
3434
6897
1948
3009
6566
6141
3747
1792
4171
3814
6284
5693
534
1213
5835
2006
4255
1826
1320
2286
3548
990
1199
2864
3097
7322
5820
5059
8667
5836
6961
3558
3480
5205
4060
1295
6001
2017
5614
3666
3668
1068
4579
5874
3644
6931
2535
660
6939
5606
7645
408
3672
1696
5494
3849
4655
7213
4804
4557
641
5090
6990
1994
1872
2372
3779
2942
4473
657
7670
2803
6511
3205
7437
7532
1909
1506
8260
4518
7384
7568
3959
3454
1644
1904
3831
7014
9417
8331
3142
3907
8766
4228
3133
1308
6816
9601
6638
5381
7669
2929
2880
3803
8533
7500
411
4202
8694
5561
2640
226
2020
3253
5882
1823
2561
4080
3056
5371
5123
4905
2700
7751
1346
5783
7025
7029
7070
3545
6501
7169
529
3237
5458
3555
6746
6708
5610
3869
7210
6067
3784
3894
3889
9371
5210
6668
5817
9019
4461
523
9729
1406
3781
4462
4575
7940
5220
5448
2919
7480
1297
2657
8643
7201
2463
7199
8310
5603
2684
6375
3052
1770
3791
2717
705
8428
5121
4079
3113
3447
4568
2469
8507
4696
3331
1479
8335
7571
3322
1854
7441
2585
6852
7524
2445
4822
8632
3082
5410
2360
1031
5889
6486
3468
2600
2753
3111
6610
4063
5588
7944
5187
1489
3679
2669
36
2460
1014
5329
4420
3484
7739
4253
879
2008
795
9556
3568
365
1107
3310
4463
4549
9558
3502
5183
286
6560
193
9560
7182
7648
5346
5924
4310
4160
1588
1690
8133
6958
375
4182
5165
8833
4665
2094
5427
3655
2385
6580
4187
591
7902
1176
1641
3704
6376
4771
5253
2539
3690
6725
4607
1615
3448
2034
135
7900
5155
4700
5478
5849
1042
3084
4603
417
1772
5628
7781
6208
2542
5673
2588
3987
3081
1144
4878
5157
2035
377
8776
4517
1450
7719
6013
5497
2447
2355
3129
6985
1167
7489
8757
3215
2194
8293
2513
8551
75
4194
7382
4532
4319
3013
5124
7771
9327
6160
8457
9143
6537
8101
4172
6912
2670
3928
6864
3194
7425
810
1782
4099
6704
342
7034
2990
7617
6902
6175
6516
7807
4471
2438
424
2433
6435
325
7033
1729
7018
6956
9825
4301
4406
455
2410
5637
738
5790
2705
8603
6432
5646
6644
4703
5662
4295
6112
6857
7526
2748
913
6020
4134
4027
7531
9278
2634
6629
711
2170
1468
3737
4641
5173
6315
7311
3881
3154
3921
6021
4132
6079
5557
242
7772
9336
7784
7246
7096
4829
5067
1233
6046
2847
5274
2514
10333
586
978
6459
4366
7537
9286
4918
4847
6741
8599
324
3890
4980
5078
7730
7408
6994
14
3267
5667
423
5764
412
169
3707
6908
394
6357
7642
3756
4170
3542
2073
1428
3158
3485
1555
6129
323
3851
5393
4512
4570
1220
298
9653
4294
5278
8329
2729
5923
5638
740
6618
2779
2284
6100
2058
7468
2681
9683
5024
794
7756
5031
4558
4298
5676
6391
10379
3143
7352
1849
8807
825
4965
3513
1739
1740
2131
7450
1216
3243
6474
2482
4762
1301
4927
7127
5232
8703
9634
8547
7334
519
1762
2453
8701
457
3953
7248
4162
3524
2061
8741
7022
8456
5496
1807
4225
545
2430
1106
1523
3525
5530
2454
6433
9126
2047
4125
948
4306
5231
1940
2582
7909
8032
5184
4371
7521
125
7749
4533
7
6231
9664
442
2428
5971
7523
8289
7604
3606
9688
6654
6723
2421
1591
2462
4886
4524
8153
2234
4525
6273
8931
3529
4069
4475
6197
5291
1885
8091
4159
8710
4290
7466
9241
3068
7964
8514
1974
4863
4676
5675
2243
8003
8878
8872
4011
9978
1433
1771
9946
5948
8409
1868
4581
3402
4258
2100
4555
3043
6226
3074
7863
7535
7818
7824
1827
8384
117
2555
7292
1784
7032
6775
3942
3661
2292
8024
922
2988
3178
6793
649
820
6199
6236
6294
5964
5655
9656
3119
6995
8877
8118
9829
8210
4708
5558
7953
5665
4126
5307
2342
8385
8760
8286
6616
2687
669
6786
2846
4129
9451
1197
6557
3400
2052
5237
4702
8938
6411
8816
5077
2149
1672
7254
7144
909
6701
3647
9422
240
4810
5473
7066
2862
4285
3885
8106
2676
7550
4464
5298
3978
2548
675
5138
7395
4642
4302
6724
3175
4769
4249
4116
5649
8257
4317
6286
3325
1052
823
5526
4267
2300
6715
5370
5147
6365
6976
6797
1265
1669
959
4169
3135
7901
5250
7099
2904
4754
9337
3415
6385
10155
7593
1612
3463
3040
4733
2737
677
9153
140
6963
6232
7134
8455
3089
2780
6531
4087
175
5599
9208
332
7146
1639
8010
4999
527
5255
6593
7452
245
2528
6748
8618
3918
380
9089
8454
3284
9201
6790
772
3909
531
8283
7520
3620
10024
10467
2431
1581
2078
6904
8064
8104
8218
4961
5660
6942
7611
6034
2695
5489
8319
2173
1866
4774
3486
4435
218
2134
5144
2678
4308
9512
6974
4046
9085
462
3309
5412
4972
10683
4227
3163
4690
1626
3146
9854
6766
752
9188
7934
7988
2353
9919
1797
2977
2345
4452
8713
9314
3984
7416
7212
3475
3073
5847
5160
6372
9200
8902
7122
6447
9639
8991
10358
5917
6292
5738
969
9088
6277
8040
8834
5283
9647
1699
6690
2293
6094
2999
1922
5546
6544
2894
285
10187
811
2587
2358
1563
3060
3039
1788
1211
6145
5079
9324
7412
7114
4921
4610
1616
2388
2141
2312
6585
327
6697
7560
6878
4246
5010
2604
6506
9171
1143
5892
1520
3642
6114
1819
8640
9238
8053
5985
3396
2618
5722
6831
4098
7549
9219
5127
7350
1277
3228
779
3450
2199
3836
5943
8433
7057
7035
8484
2761
9468
1011
7390
8538
2464
917
7779
2224
5311
3903
3346
5930
5421
2909
3543
7928
2839
5290
2426
6922
6295
871
8202
5940
3307
2727
10073
2733
6396
3132
5577
4958
1357
2546
3131
5950
5622
7836
2225
5565
647
8740
4470
1043
40
5109
4520
3199
2860
839
3070
5592
9972
8952
3902
4413
7228
3357
3103
5488
639
7942
6635
5223
2373
1178
3632
1314
3639
1130
7103
5202
9783
9710
3494
7136
7119
5213
8714
3876
6243
7683
3235
2287
4312
9502
4824
9529
6946
4906
5474
7542
7165
9633
9071
6880
973
6832
6301
648
805
51
6183
3139
7251
6178
331
4660
9080
4398
8747
10313
1720
8273
2993
9903
5179
9585
6076
502
7786
5758
5966
4282
5242
6127
6442
5716
3857
7348
7527
4854
9418
4287
4425
5063
8828
8354
4286
1465
710
7958
1918
6480
9353
8540
1946
8117
2309
6538
7578
2841
7903
5840
4418
5445
1332
5593
2711
4201
4390
8062
280
4151
8492
785
7821
1763
2763
33
2898
6584
5490
366
6978
3362
9129
5014
7768
6023
3037
2835
5919
3315
3123
7306
2304
5533
685
203
6297
6087
4615
1313
661
1818
6463
2142
9360
5794
8173
3577
3538
9719
2553
1458
8965
7040
6594
9559
509
8222
4156
4914
2175
347
2305
6533
3479
6472
8300
6185
6158
6637
9006
2756
7725
5931
7499
3677
7343
8073
4490
10074
2972
1667
2986
5683
5419
389
8164
5396
8619
5420
5243
3048
2629
7137
1098
4197
8410
4364
7071
4472
6680
1024
3804
9973
3657
5245
8993
8642
5997
4569
6024
557
2708
6940
4006
6502
5680
3913
3021
3967
8167
5408
8015
4567
3022
7814
6047
407
3560
4091
10732
1865
8652
539
6136
6403
8453
6189
7716
4036
9242
3279
5682
2265
2368
6032
322
9832
1488
6582
3451
5916
6579
4071
2764
3698
6166
4902
6348
5587
2103
5691
7360
7069
1985
4691
2371
6928
6693
8333
1609
927
8207
4148
3327
5312
8830
4033
803
8321
10276
4963
3229
8307
5098
1456
1396
1206
419
7972
5045
3888
7091
6825
8670
8420
4500
8248
4100
7472
9007
3951
3155
7220
6322
414
5415
8155
7013
8326
5072
828
9424
4778
4637
2375
6230
958
2467
8093
7363
5321
4044
4564
6019
933
1825
5611
3615
4806
3703
6203
5571
4515
3544
4034
4280
4070
10477
1168
5961
5351
5634
8509
923
1137
5140
2223
3908
8446
1662
3771
4740
3689
6589
5438
5000
10172
3522
6622
8322
8461
5107
751
1155
9391
5064
6792
10269
1564
6943
7766
4161
6936
8928
2186
7209
1856
4192
5495
4015
5117
8665
4616
2478
1881
3015
4354
3203
6867
4613
4051
4199
8683
4819
9399
8953
9016
8959
5510
7202
6776
4817
8150
9628
3963
3565
6788
5258
6567
5865
7253
8796
5864
5368
2901
2928
2790
8840
3727
8109
6174
71
422
7894
4674
7258
4395
7800
9306
4634
5461
5534
5405
6421
6049
7770
4195
5069
8014
5277
9992
1638
4785
7487
2905
8749
8505
9475
3827
5021
4529
2832
5301
6186
5399
3518
3531
7912
5677
6042
6359
5785
4783
10068
7090
3335
9115
2538
7849
5499
10603
4455
6172
2840
4731
1824
6279
2738
3573
7710
9015
8771
881
7792
3438
5175
5292
6647
374
7488
9679
8617
4875
3066
8478
1920
2946
5084
1813
306
9570
4352
10289
2200
6685
6054
343
4947
603
8134
8927
1747
8100
6970
7854
2097
7765
5978
4868
5688
3144
9597
5631
7666
9481
8430
4697
2125
1886
8278
7839
4657
4133
617
10423
5383
8367
6116
7238
3813
4502
9697
8987
4741
5384
7734
406
3754
1870
3498
474
3789
5867
6291
9177
1858
6157
6022
7392
5215
3904
4215
4605
4839
7138
9022
7454
6999
1217
7878
1215
1875
7971
8751
6233
469
6879
3356
7455
3355
6078
2908
7596
9222
5981
7974
2369
1286
8500
731
8690
4726
702
9537
146
4993
6327
3977
8309
6752
10414
3036
7695
822
358
1012
5011
2836
4677
4004
6455
7457
1722
10138
1734
1026
1732
6542
7957
3674
7759
10483
8263
4218
6300
5663
4429
5052
9055
5636
7622
4531
9598
10077
821
4908
1574
2668
771
6182
1623
7952
5681
6935
6862
4782
4082
5615
30
8955
7979
8597
6890
4523
6261
4052
8700
3033
2804
8239
6854
7831
2583
6631
9711
10206
4037
4687
5025
8128
8130
2442
10640
2890
43
5749
1436
6620
3122
9626
2239
6694
1203
4775
1099
8315
2259
1473
5814
8917
6796
9076
7907
1471
5061
3601
3915
8819
8832
7698
2252
4882
4853
8112
7406
2055
5863
1263
4969
9894
3738
6033
8695
8548
2786
9308
2730
2443
7049
8473
1461
10099
7132
8311
7101
8998
1412
5832
3481
5379
5986
8660
6311
6347
7341
4546
5913
7764
2010
7346
5126
7794
8783
7720
4835
2299
10752
5826
1764
889
2899
6543
353
6937
5967
5895
8711
1586
10287
4836
7693
9414
8105
9816
3134
6853
9684
6220
2877
4122
3147
8482
1423
9343
5431
8624
2937
4384
3001
6437
7265
8571
6441
1283
2162
5925
9095
3466
2549
5747
5142
3547
7148
1010
1219
4311
10067
5214
7299
3983
2529
3618
4521
5712
1073
274
8308
10251
7677
8394
2680
2498
5531
4938
5745
8292
7102
10250
578
6660
9932
6504
8942
3428
8041
3350
3053
1743
1832
5145
2328
10070
3031
10339
1620
3474
7714
9925
8650
8415
3150
6246
3390
7399
6505
9189
4975
6656
3385
1637
9060
3739
5685
5505
2658
6384
3280
5358
1063
7007
8949
10305
7064
507
7752
6010
5818
8576
4834
759
1315
5983
4217
7430
7317
4588
9922
5521
9172
2987
8175
3594
4394
9070
9202
8746
3626
3287
9443
4795
5969
5238
7002
6889
6014
7214
403
8824
9047
1078
4232
9461
2066
6371
7358
6446
497
6887
7361
8774
10220
9910
8269
6081
799
5584
6196
7556
3214
6325
9322
7598
3826
6924
9805
6869
6636
5190
7505
2766
6473
1689
6425
951
6367
6756
5176
8715
8765
3969
3607
4207
4476
5297
4436
5343
3675
5648
3599
7012
5845
8709
1516
4499
5498
7612
8527
3065
9305
5450
5871
3569
2791
8172
5167
8258
3210
10268
9254
6954
7809
5395
9275
8590
7433
7904
6096
3431
9931
5556
5582
9210
8541
1048
1658
7366
10001
7078
9263
7917
5433
5784
396
10857
9043
6440
6281
2241
7073
8013
4050
3866
1404
3098
5164
5007
8522
5862
6787
9442
8044
5363
2795
7708
7243
6381
5492
1700
2527
6861
1566
6657
2693
4118
8560
8989
2878
1861
7152
7840
359
9382
686
8107
5120
9375
4296
3931
5890
998
8659
8214
1862
3384
7713
5266
7541
10345
8250
3693
7817
1674
9483
5816
10006
2994
1665
4912
10353
9924
9300
6204
8523
9857
4393
3595
9291
10515
1123
10788
4291
9152
8946
7871
8070
345
1388
9514
5664
8211
6700
4796
10272
1119
7562
3436
5233
4053
589
10262
1676
5085
6102
5267
5389
5658
4673
9542
4842
1095
9904
4278
2552
9426
8919
9590
3624
9520
9690
5481
9767
6062
6744
4932
2557
9534
8471
7164
2883
9277
5626
1633
2322
4832
132
1491
7525
6546
5720
7046
3202
7001
6581
10266
6984
9389
8274
5856
8900
6728
6228
8787
514
8036
2723
4811
6345
5536
8223
10026
961
7267
4297
7724
8398
4058
1705
10490
4303
5812
9274
858
1614
3241
7624
7331
1354
8995
1317
6633
4791
8979
5048
950
9438
9524
8837
7673
10022
9244
10312
8974
7741
2416
8764
7906
10079
4276
5244
4797
3782
5436
9044
2608
10446
9768
5905
6649
7000
2889
3852
9479
8320
1186
2411
6669
9798
2307
2788
8866
5095
3449
9138
7862
5575
9276
3579
10501
9377
10180
8465
10050
8408
10516
5141
8684
6451
4894
6026
6627
2502
7664
5877
7743
2268
8868
7219
7478
444
7822
7044
4086
6768
7880
6479
7687
9262
5629
362
10459
8945
9615
5965
3413
6652
5946
8145
2806
2731
3553
5548
6982
5062
6914
5441
5387
5757
7270
4164
357
1309
8418
4421
3683
4014
7799
10615
3617
9979
9412
7503
7960
1327
6519
476
4456
3692
6312
2074
2210
10071
4219
887
4719
6131
4599
5247
2272
6120
9612
8934
3786
1517
5651
9063
7574
6540
4587
10252
7715
10566
5898
9873
1416
7841
8086
6267
7590
8033
991
10245
9228
5464
10049
9774
8438
8951
6749
10319
9508
1325
4768
5955
10395
5661
5340
8387
1238
9128
9971
3511
4728
5348
7166
4331
8944
8343
2650
662
5319
42
6069
7339
5910
3252
9986
8168
6915
2057
6101
6968
6161
5313
7769
7407
9402
372
3514
3366
5357
3275
1942
10183
9725
7684
6073
177
8088
9718
8327
2123
10614
2072
2177
3554
6373
4018
5730
3128
8605
10090
1547
4043
10179
7879
5922
3394
6882
5380
61
10240
7459
5053
7156
10713
7763
8098
4042
10126
5857
7328
8736
849
9155
778
1840
2915
8078
2235
5982
2231
9351
9160
6684
4342
168
8038
80
8662
6986
5935
7336
6965
105
5975
2060
3343
4074
1815
5583
9400
10796
5390
9866
9316
3996
8139
8136
4092
9563
4029
2981
2824
7440
9677
6760
1977
235
8806
2084
7528
1348
5937
2159
8467
4545
9586
4621
5527
8885
5750
7435
2101
4519
8773
7319
5700
4344
7892
9053
1651
4288
10457
4179
1522
9255
8515
6755
8350
7975
3955
9724
9265
10215
9629
2021
6941
9942
735
7883
5915
8675
5525
8317
4633
1578
8893
5869
8458
60
9969
5539
7629
2046
7788
9081
8065
10267
5406
7451
7285
6427
4957
7796
8325
3099
4724
7093
5335
10149
7529
5049
8673
8888
4788
8697
8664
10649
4996
2573
7820
2088
2772
767
8262
4929
4009
3108
544
2607
6565
8449
4211
9966
8687
9750
10132
10385
4489
6671
3922
7986
2647
9463
10327
6718
7264
9230
9876
10581
7072
10368
7037
269
5873
7330
8647
5377
10644
8393
5668
6036
8686
7326
8108
6318
3379
9150
4935
9789
3312
7027
7290
3660
3855
6753
6118
4457
2417
7678
3515
1460
5623
8083
8332
5767
4757
9304
10523
7038
7575
4397
8443
6410
9271
8115
6535
7925
620
3201
9550
1648
3790
8097
7178
3530
10060
10643
6356
6173
8221
7652
5613
6734
2547
7116
7335
7516
10874
8836
3905
7538
10005
2567
5736
10175
9580
2323
7140
6595
7572
10953
6962
6950
6772
5324
7192
2767
6016
6149
8190
10749
5669
9879
2127
6666
8591
8999
8018
1601
5934
1907
8814
715
5760
9553
9619
7819
5620
6670
1381
790
7492
7565
9267
9843
3062
4670
4885
2404
3273
4102
4802
6027
10122
1334
10195
3213
9674
4458
9398
6037
10435
7700
8767
9139
5294
10859
8004
8770
10320
4537
6316
5684
8717
9130
7303
6305
6126
6916
10773
4368
6547
10758
1500
9032
6011
7205
1018
5941
7051
6324
3812
6609
5802
2347
2107
6249
3861
4649
7729
1726
4335
3563
3176
8732
4843
7288
6742
8961
9920
1706
8678
1435
4786
8043
7053
10833
7908
3719
6655
10241
7501
9687
9459
6944
3767
10332
8025
4527
6017
2739
4640
3735
2216
8256
10472
2250
6503
