# removed nodes — method=TIA λ=20 seed=738194223
1714
524
7021
421
5264
770
783
817
3527
498
4536
797
2740
3249
763
4062
420
494
1005
1120
1670
7259
2721
491
806
1709
4538
8952
7266
4696
8205
7261
4688
8960
7594
793
6416
4701
7970
8201
8986
7031
5632
1687
6020
4301
8766
2675
3752
3974
6514
8769
4686
4693
5153
4509
7804
4302
4078
8295
2606
8131
4291
753
5017
5654
3526
8206
4357
4364
8768
4971
9153
5235
3154
3532
8363
5561
1693
6911
3525
5008
1451
1493
1448
1453
1462
5928
4710
1452
1455
4300
1482
1512
4699
1492
7740
7807
4027
4994
5018
5274
5365
1489
7488
8360
8710
8985
6745
4526
5289
1509
6707
6912
3673
1446
1483
7105
192
5002
1504
6539
314
8546
1497
7340
9126
1443
1449
1496
6766
6908
7446
7667
3635
2144
3653
4678
3658
8082
5196
6515
6741
3671
7686
3634
5586
3641
3650
8085
8872
6705
3643
3665
7955
4514
7323
3261
3267
7676
3788
4025
4026
3245
4056
9384
5372
7522
4046
4298
8953
9200
7550
4061
4365
8484
8676
8694
506
8707
789
9327
9336
9520
6902
7023
3254
7499
7524
4554
4547
4548
8987
6570
3537
5243
10024
6346
6692
4174
4513
4611
8938
5218
5598
1671
7679
3678
4552
4571
8965
828
9088
5009
5014
5203
6703
4041
373
1470
3627
6360
350
8703
6697
8816
5004
1444
3535
7685
2734
8955
5639
7691
7800
4047
6508
8260
4533
9089
4998
5010
5031
2702
4606
2691
8202
4544
6608
2563
4467
4607
5964
4448
2673
2696
2718
3190
7334
3854
4065
4446
4451
8553
4604
5371
5595
2679
4072
4462
6430
4272
4269
6785
3130
7670
8283
5593
6980
7669
7956
8293
4280
4283
8833
5229
5673
6810
7032
3140
3299
3522
4081
8321
4242
4250
9371
4573
2620
2617
6298
6602
7680
4147
4560
2614
2808
8274
4190
4530
4577
4582
9556
5633
7957
4262
4588
6169
6798
7901
7915
8199
4103
4252
6496
2732
3141
6170
6493
3159
5204
352
5209
5217
5221
6507
6820
6931
5239
6492
2736
375
4558
5370
3161
336
370
5212
5219
2022
6172
3256
2312
4035
4045
9688
2290
3659
4244
4248
4347
4356
8643
4561
5205
2294
2300
6621
6629
7805
7900
4034
4575
5029
2145
2285
6686
7018
7681
4251
7781
4508
4592
7663
7690
4113
4254
4259
4556
4569
4108
4273
4450
4595
9242
5786
2683
2825
4255
4274
4563
9601
6136
6693
6793
3145
4271
3186
7648
4416
1514
6165
6790
2728
3192
8095
4247
4503
5210
5224
5225
6518
3184
8100
4245
8599
1511
1712
3138
7784
4033
8289
4562
2805
371
4542
4570
4578
4602
8935
4553
4559
4585
802
6382
2313
7789
4193
380
4557
4572
5306
5619
10379
2288
2316
6417
2720
3841
3247
321
5739
6841
3268
7074
4550
3255
7437
3796
9144
6985
3259
3670
5367
5865
6158
7069
3258
3271
3631
7767
4359
993
5859
6375
2722
1109
2468
2974
8066
4096
4265
2818
4517
4567
9514
1746
2302
2813
2816
2821
7448
7593
4256
4366
4454
4574
4594
9019
1084
1222
5513
9639
8617
4537
6499
6516
6934
6990
3263
4032
4171
9573
5743
2286
7061
7668
3649
7902
318
8687
4603
5213
5860
6101
6315
2298
2739
7079
7399
2201
3630
6534
3625
8632
523
3652
6526
3568
3645
3651
4258
4277
4358
4449
4546
1501
5974
3274
3628
3663
3667
7964
3923
4466
4507
4518
6424
6816
4093
4521
6284
6819
5618
7683
3687
4438
7829
8090
4117
4353
8481
4463
6695
7520
7689
4112
4278
4524
8990
5230
5543
5626
5874
5265
9167
6784
6190
2315
758
2295
2297
6823
7188
4038
315
796
814
5050
5257
5476
1681
2306
3843
3844
4106
4270
319
777
1494
6510
8268
798
1694
7573
5005
5477
6530
3137
1004
5341
5783
5793
3523
8401
518
784
4995
5472
1466
1476
6122
6232
6954
3262
8257
4997
5291
5407
1463
3860
6089
6779
6831
7306
3445
5400
6715
3025
3848
1445
1518
1936
6818
2819
2872
7230
3846
3858
4076
323
801
5006
5233
1475
1830
4665
3661
3681
6021
6066
2610
2671
6939
3032
7246
7452
3647
4246
8507
347
4445
8552
377
4505
4523
5307
10333
6290
6291
6361
2287
6296
2812
8416
1502
1513
1515
6724
6984
3680
8118
324
5283
2591
2814
3182
3447
7570
3666
5020
9524
1468
6537
6574
2677
6958
7416
3521
3875
799
3636
3655
818
5414
5432
6419
3686
390
4635
774
827
5232
5295
5402
5409
5640
3862
4360
333
337
342
4464
489
516
5024
4267
8946
8264
8319
1465
1488
6603
7027
7916
4079
8335
5236
5602
5611
6500
2611
6757
6802
6863
6997
7099
7536
3529
8271
8307
4261
1066
317
328
369
330
5483
526
384
385
495
5606
2609
367
8619
5789
5791
6786
320
325
334
338
340
378
387
4639
755
9512
5924
413
331
3148
7010
7751
2725
355
399
409
341
376
397
407
419
8979
8993
5610
6167
6826
6976
7062
3131
7898
8104
396
400
431
1486
7891
4138
1457
5588
7322
7466
1485
5858
6119
6651
7168
3276
7974
8454
343
9062
1479
5807
6229
7025
7070
7352
7515
3783
8008
327
5401
6618
4461
394
425
4601
5412
5436
6690
2693
6804
3672
348
8642
9151
5223
5413
9819
5814
5925
5973
6134
6604
2562
2567
2616
6870
7041
6994
7057
4257
8744
5016
5877
5905
6044
2049
6942
7325
3244
8514
418
8998
5110
5222
1520
5642
5738
2301
6565
6580
6767
2737
7292
2530
7944
5275
5417
5427
2733
3149
7256
3524
8153
8207
408
417
8690
4634
5021
5248
9528
1523
2507
7265
7335
3325
7857
8003
4095
4354
427
2568
1450
1507
3139
414
1442
5622
6031
7211
7537
3836
4069
8258
4286
424
5971
2322
6501
2730
7191
3194
7459
3536
7693
3849
8024
7835
4936
2695
6993
6995
5423
5430
5882
6128
7294
3585
7821
3872
4071
8329
4253
8509
4453
4555
8714
8776
4680
8873
5403
5434
5437
1472
8331
7022
6282
2310
7440
1517
7703
5873
2292
353
2729
6825
7000
9143
7415
7768
3675
7897
4048
8164
4163
6281
6295
8387
8465
4525
6691
5497
6550
8764
5011
3152
9451
7531
6015
4050
6166
8266
322
733
4993
5013
7148
9412
9634
7592
3534
5620
5655
7942
5923
8040
6018
4080
3246
5693
6163
6164
6432
6549
8832
2697
3242
7526
5614
5615
5871
3842
8091
6132
10240
4105
4192
8550
363
374
4474
6535
500
8737
4691
2570
7225
6100
7174
7177
7189
3251
3877
2566
2571
8741
7163
7197
7206
7229
5408
5421
6161
10269
7096
7195
7465
5419
6197
8349
4294
4295
4591
8415
8011
6279
10467
2103
6348
6421
332
6489
8547
4549
6637
6649
10756
635
4779
778
9014
9029
6987
4972
7120
7249
9324
3253
7455
221
7288
4141
4195
7047
5007
7165
5394
7489
7615
1474
9783
9793
3876
6160
4191
8352
8384
354
8548
398
6584
2560
2559
4641
6749
7037
6288
6792
9422
1484
7851
10272
4290
2561
8940
7277
7815
6878
762
2823
8995
815
7144
3279
9470
5404
1447
3539
1519
3626
5691
7739
3928
1097
5661
4127
4187
10414
809
811
6385
358
4520
2612
4787
821
7171
1069
7231
5263
7577
5864
6087
4289
8518
6588
6623
484
4583
521
6286
9081
7218
3142
3153
7412
7580
7687
7917
4249
4685
6737
6750
4798
9129
7126
7169
7217
9337
7363
7576
9627
7578
7650
3583
3642
9894
5603
4687
3146
1941
6582
6704
6787
4847
7029
9219
3162
9584
9585
5790
8002
8012
4100
6175
10320
8286
10377
2305
6502
6503
361
4683
2668
7223
7216
7179
6065
7173
7208
6935
7114
9202
7175
7204
7227
5241
7436
2293
4793
7203
7244
7258
7894
8109
6118
10339
6347
10517
4647
2817
6174
4790
7201
7214
3158
7348
3530
5631
4101
2387
511
8740
4763
4769
724
2836
1006
7181
7187
7253
9424
3322
5410
9557
5675
5795
6120
6185
7320
5674
5744
6357
8457
6435
6585
8640
6748
787
7162
9238
7324
5425
9796
7960
8013
6342
366
8578
6647
6712
737
792
9002
9115
4459
2726
3847
8355
7239
9315
3315
9756
7980
8326
6744
2727
6936
7097
7199
9291
9369
5314
5420
7549
7569
5540
9683
7666
9731
3656
7764
5592
786
5892
6131
6141
2289
4469
6531
2604
2608
4702
4707
5012
7090
9241
1075
7248
9377
3248
7395
9583
7542
9656
9673
3664
3689
1661
8106
8086
6345
4387
2523
6628
2815
1060
5238
7354
7425
3446
3541
9729
9990
3857
10241
4122
59
2108
8262
150
4282
8409
6443
6484
345
5546
3917
4099
2826
5258
5961
8134
6494
403
2685
4934
7207
7219
7222
5220
5255
7337
5347
5549
4044
2033
4090
4094
6312
8520
2397
4476
488
8652
8697
508
520
2569
7333
3260
7360
9706
8273
485
8736
2789
8942
2820
808
9048
9179
7210
5165
5277
7349
5637
1696
5815
7971
10313
4172
2496
4797
4927
9201
5253
7390
1506
5646
7698
3688
5782
1730
1850
8089
6070
4102
4133
4175
8315
6356
6425
8505
6607
6633
505
496
504
794
816
483
486
492
776
7092
4091
8446
4455
6567
490
528
8757
764
781
782
803
804
810
7240
5298
1456
1522
7756
988
3257
1721
3023
3250
3278
3283
3291
3305
7441
1731
1733
2501
7213
3292
3321
1718
1723
6090
4114
8453
2320
519
730
788
2870
5066
6418
7571
6073
6813
3310
3316
3320
7692
1699
6145
6428
6670
8866
8974
9022
7212
5269
7343
3264
3265
3296
7604
7749
9829
1659
10022
8019
3300
4613
8287
4981
3266
7771
7893
6439
8603
4605
791
4959
4965
7182
3147
3285
3295
3329
1508
6067
6076
4097
6429
2346
2424
422
428
3282
3281
3294
3297
3298
3302
3701
8878
3307
3312
3324
7603
4036
6644
4968
987
3293
3309
5676
5697
2299
8456
4781
4802
4838
991
7235
510
760
515
800
513
530
503
4705
525
4698
1002
3284
487
501
509
4716
756
795
823
3318
5271
7709
7798
5768
1695
6072
6081
7728
7717
6624
1717
1727
1735
1724
1725
2357
6961
4960
7068
7726
7988
6079
8269
6639
6641
8760
4794
7007
4961
990
5164
7298
3289
5500
6640
7226
5278
3328
3418
1668
3822
2399
6654
6746
4777
765
772
3269
5702
8128
6192
335
8604
445
6622
6642
522
6753
6754
2690
6797
5299
6414
5276
5489
7730
1686
3733
1719
7736
1660
1667
1684
6411
8684
512
780
813
1001
5184
7719
7727
1728
6242
769
826
9152
5415
3323
7734
3815
3825
6230
10653
822
3287
5485
7601
7677
7770
6114
6326
6396
2413
6533
8650
6636
499
6643
8699
527
8747
2694
4806
6853
3313
8807
6962
9015
4963
6343
6412
365
2427
6576
4697
5181
3243
5308
3288
7725
3677
1700
5916
4051
4226
8353
2311
4564
8672
4651
6963
754
5270
9469
1666
9076
7086
7312
5290
5300
3317
7622
9679
8042
8126
6189
8430
4352
8493
6638
6711
4768
4796
8928
2804
6966
9018
9043
1674
1683
6543
514
6728
7101
1061
1673
1729
8080
8402
8492
2358
4692
4700
8888
6979
2904
4975
1095
3151
7404
7417
5490
5511
5605
7659
1690
4980
5660
6708
1117
5301
9414
7525
1471
4579
3576
7746
4703
1669
1676
1679
1707
3758
9920
5931
6970
9055
8097
1979
4074
6144
6157
4756
7614
262
4149
8408
5444
1923
4123
4169
6474
411
6593
4803
6857
723
725
729
3303
7532
7595
9666
1499
1503
7716
1672
7816
7818
9009
5515
9979
6013
6560
6725
6775
819
4964
5396
5474
5486
7535
5488
9694
3644
7757
7786
5788
3789
3791
9945
6025
6024
8175
4116
4129
7202
6243
9365
360
5496
790
5262
7319
3252
6491
5479
1665
3742
807
8222
8250
3132
3135
7236
3143
4173
9316
9323
5247
6278
6283
5267
9903
8902
1000
7228
5302
8814
5787
9919
8959
3838
5927
2043
2095
6199
3150
6240
6260
9357
10385
2194
6292
7314
6297
5281
5284
10423
6372
1716
7731
7408
8783
1711
9980
7972
5115
5312
9425
3290
7431
6440
7538
7541
5495
6541
423
7597
3503
6587
452
4551
3533
9690
8675
8678
3459
3502
1510
4704
7788
8827
8840
739
3868
3870
4922
8027
4162
1124
7289
5292
6318
6438
9519
4480
3496
9654
1521
5621
6668
9745
4632
1708
10172
5506
8618
7723
3749
9276
3193
3197
7304
8367
4276
7361
6480
5494
6616
7656
2551
7675
5667
2607
3639
7742
10819
1658
6788
1678
10314
1473
7035
1003
6196
1454
8662
7729
6723
8839
5785
4789
4805
9946
2801
8961
7953
2837
2839
6965
6973
8009
8017
8018
5978
7014
1976
7072
5478
2593
3690
6771
9875
4772
6890
6906
2835
5919
8014
10079
6040
1987
9162
8138
9220
5129
5147
5155
5157
1062
5174
2105
1091
4179
5473
5482
2799
10187
5484
5499
4515
7896
6193
5313
5505
5508
2687
9869
1688
3747
1704
1734
3852
7103
7106
10184
7186
2076
10271
2082
2101
2705
4404
6306
2669
2692
3856
4932
233
9483
1498
4621
6680
8762
2680
771
7977
5023
2130
9299
4185
6234
3163
3165
3169
9314
3172
3174
5551
2701
1849
8223
10330
7270
3188
129
4234
5266
7332
186
187
7357
5311
8391
2247
1225
3275
7382
8417
8419
1257
6383
5361
7409
6397
9402
7696
8743
8874
6880
9161
10206
5156
5183
114
115
10376
7318
2319
9515
1330
6459
8527
2384
7508
1386
5498
9599
6529
7552
1409
406
2309
3304
5359
6988
8088
1978
6656
6710
5690
5696
577
7758
3683
5226
4715
8301
1663
3711
9873
2707
5272
5784
2716
1692
6814
3748
1702
8533
391
6129
5732
7849
5805
6840
4795
2753
6849
3780
3784
6860
6862
3794
5850
4832
738
8931
6882
9984
1808
2841
1309
3873
5411
2859
10064
6237
6678
6716
3715
3730
5629
4773
2218
9395
2766
9937
7384
4368
5913
3897
4931
4938
5965
6479
8540
9052
2914
881
4979
5492
4471
4529
7747
5287
1710
5296
3272
3277
8537
7012
873
6010
4485
4487
7046
8079
4510
7075
3493
6579
4531
3514
7612
6589
9665
9157
978
7643
6940
8669
9502
1928
922
1958
5085
2529
2038
5628
6655
2048
5125
1541
9733
6162
2580
2582
6679
4633
10782
3618
7714
38
2087
6694
2602
9805
7353
5848
8443
8970
7134
6681
43
5679
8247
574
1612
3660
4182
1111
1624
3679
3682
4708
5733
4714
1131
5745
3703
3708
2688
4750
9334
986
3330
6915
6916
5383
6924
3853
9996
5392
4371
7961
3869
1823
6436
7476
2874
1339
3899
3900
5439
5700
9542
10751
1868
2895
2899
529
4788
6117
812
302
6981
1361
2388
853
6487
2903
9817
346
1371
9047
1382
7272
8041
8554
2926
5491
7554
6019
3717
392
7049
1929
9010
3467
3725
6030
7311
1426
3475
6811
7711
1697
930
4771
7590
5801
4778
1968
8373
2744
3512
3004
7358
703
9664
7617
3781
5064
7113
7583
5055
3776
2250
2762
5067
1999
8144
6353
5844
215
2776
471
3834
2012
8673
740
3301
6124
6893
3565
5103
239
6125
7411
2803
7925
6392
6399
7519
3818
3787
7926
5111
7864
6139
5117
1
2
3
4
5
7
8
9
10
11
12
13
14
18
20
21
23
6
15
16
17
19
22
24
25
27
28
29
30
31
32
33
34
35
36
37
39
40
42
44
45
48
49
50
101
26
41
46
47
51
53
54
56
57
60
61
62
63
64
65
67
68
69
70
71
73
74
75
76
77
78
52
55
58
66
72
79
80
81
83
85
86
87
88
89
90
92
93
94
95
97
99
100
102
103
105
106
107
82
84
91
96
98
104
108
109
110
111
113
117
118
119
120
121
122
123
125
126
127
128
130
132
133
134
135
4235
1293
143
2350
2483
6331
8146
1300
3998
416
2469
1384
2414
2492
112
116
124
131
136
137
138
139
140
141
142
145
146
144
147
148
149
151
152
153
154
155
156
157
158
159
160
164
165
166
167
168
169
171
173
176
177
178
179
180
161
162
163
170
172
174
175
181
182
183
184
185
188
189
190
193
195
196
197
198
199
200
201
203
204
205
206
4401
4396
2670
2699
4391
7135
2665
2708
4400
2672
2710
5346
2674
2678
4376
4380
4402
5052
3779
3795
4468
2689
1040
2713
4382
6305
6307
5522
6233
5345
5683
2686
3721
9418
10129
2770
3738
2717
7136
3756
5358
2798
3707
2667
7468
5681
1528
2745
191
194
210
211
213
214
3574
1741
202
207
208
209
212
216
217
219
222
223
224
225
226
228
229
231
235
236
237
238
240
241
243
244
245
4935
2749
6956
4398
3927
2684
7293
218
220
227
230
232
234
242
246
247
248
249
250
251
252
253
254
255
256
257
258
2787
6451
5687
2714
259
260
263
264
265
267
268
269
270
271
272
273
274
275
276
277
278
279
280
281
282
283
284
261
266
285
286
287
289
290
291
293
294
296
297
299
300
301
304
306
307
308
309
310
311
312
313
359
388
389
3778
3718
3728
4374
3753
2800
3712
1856
3714
3777
3720
3793
3734
3745
1323
1007
953
1020
3710
5068
3732
3797
6561
5688
288
292
295
2676
6303
2755
2751
2711
305
386
393
395
401
412
415
430
432
433
436
437
439
440
442
443
444
446
448
449
450
454
6485
5986
8145
5941
6268
1759
298
303
434
435
438
441
447
451
453
455
457
459
460
461
462
463
464
465
466
468
469
650
970
7503
456
458
467
470
472
473
474
475
476
477
478
479
482
531
532
533
534
535
537
539
540
541
542
543
480
481
502
536
538
544
545
546
547
552
553
554
555
557
558
560
563
564
566
567
569
570
571
572
573
575
576
7100
5343
5344
5701
653
3729
3713
4483
5699
5351
3741
548
549
550
551
556
559
561
562
565
568
579
580
581
582
584
585
618
578
583
586
587
589
590
592
593
594
596
597
598
599
601
602
603
604
605
606
608
610
611
612
613
615
616
659
630
1903
588
591
595
600
607
609
614
617
619
620
622
623
624
627
628
629
631
632
633
634
636
638
639
641
5889
1902
4905
8078
2143
621
625
626
637
640
644
645
646
647
648
649
651
652
654
655
656
657
658
661
662
666
668
1835
706
675
1957
2155
2161
2034
3971
5898
5837
985
3170
934
744
642
643
660
663
664
665
667
669
670
671
672
673
676
3956
1135
674
677
678
680
681
682
683
685
686
689
690
691
692
693
694
695
696
699
700
701
702
705
707
708
710
1770
679
684
687
688
697
698
704
709
712
713
714
715
716
717
718
720
721
722
727
728
731
732
734
735
741
743
955
1039
1806
2125
711
719
726
736
742
745
746
749
750
751
752
775
779
829
830
831
832
833
834
835
836
837
838
1777
6105
847
747
748
840
842
844
846
848
849
850
854
855
856
857
858
859
860
861
863
864
865
866
868
869
870
2376
2281
939
3341
2643
1813
1016
3983
880
2514
2100
839
841
843
845
851
852
862
867
871
872
874
875
878
879
886
887
3706
3731
3723
3709
4479
1943
3755
6873
8500
4484
5514
5054
5060
6864
1605
6246
4486
3722
4490
4495
3740
3746
3750
5061
3782
1998
7389
3735
885
1094
3727
3921
4499
2963
2402
2916
2086
5487
1851
3013
6022
5062
7453
6559
8161
1915
5352
5357
877
882
883
884
888
889
1282
1156
1939
2778
2075
4389
1766
4413
4670
1930
2060
3471
1812
2785
6700
4415
876
893
894
896
897
898
899
900
901
902
903
890
891
892
895
904
905
906
908
909
910
911
912
914
915
916
917
918
919
920
921
923
925
926
927
929
931
932
5059
5516
5038
4164
6727
3912
5063
4491
3922
1685
3737
5354
5037
5039
5053
6016
5519
4178
5048
8195
8196
8197
1634
8231
8232
8233
8235
3736
6017
4482
3719
2056
3724
4492
6241
5348
1650
5045
2793
5677
8194
9775
1636
8236
8237
8238
8239
8240
8243
8245
8246
8249
8272
8276
1645
8296
8299
8303
8336
8337
8342
8343
8344
8370
8371
8372
8374
8376
8400
9811
8410
8432
8433
8442
8444
8447
8462
8495
8496
8497
8504
1618
1080
1648
8306
8375
8398
8510
8516
8521
8522
8523
8529
8530
8531
8542
8544
8556
8562
8564
8568
8582
8587
8588
8589
8590
8591
8594
5042
2802
3757
4475
9281
2795
1965
5043
5044
3422
7651
6244
5040
7859
8519
8592
8595
8596
8597
8600
8601
8602
8612
8616
8633
8634
8635
4695
1192
6557
9806
9807
8636
8637
8639
8644
8664
8665
8679
8706
8719
8720
8721
8723
8724
8729
8733
8734
8735
8752
8759
8790
8791
8793
9802
8722
8796
8797
8799
8803
8804
8805
8812
8820
8822
1754
8838
8841
8843
8844
8846
8847
8848
8849
8852
8853
8855
8856
8875
1764
8879
8800
8880
8882
8883
8884
8886
8887
8899
8905
8918
8927
8967
8976
8977
8984
9026
9028
9030
9035
9036
1796
9038
9039
9040
9042
9046
9049
8885
9050
9063
9069
9072
9075
9082
9083
9084
9085
907
913
9105
9111
9112
924
928
9123
9124
935
936
938
940
941
942
943
945
5355
4886
933
937
944
946
947
948
949
9141
951
950
954
956
957
958
959
960
961
962
963
9156
965
966
967
968
969
1025
1152
2278
5319
2954
1074
1405
1381
1255
4909
952
964
971
9163
973
9169
9170
981
982
983
984
980
989
998
999
9194
9197
1017
974
975
976
977
979
1008
1009
1011
1012
1013
9206
1015
1014
9209
9210
1019
9211
1021
1023
9213
1831
9212
1027
1030
1031
1032
1783
2053
1613
2040
1625
2069
1814
972
1010
9207
9208
1026
1028
1033
1034
1035
1037
1038
9231
1042
1043
9234
9237
1045
1044
1048
1049
1018
1022
1024
1029
1036
1041
1046
1050
1051
1052
9247
1057
1058
1059
9252
1063
1064
1065
1067
1070
1072
1073
1076
1077
1079
1081
1082
6208
3073
1176
1053
1054
1055
1068
1071
1078
1085
1086
1087
1089
1090
1092
9284
1096
1098
1099
1100
9293
9292
1103
9294
1104
1108
9301
1413
2449
1114
2332
2365
1150
1083
1088
1093
1101
9295
1105
1106
1107
1110
1112
1113
1115
1116
9307
1118
1119
9312
1121
1123
1126
1127
1170
1155
1102
1172
5534
1125
1895
2986
4842
1776
4674
2436
1165
4825
1954
4851
1122
1128
1129
9321
1130
1132
1136
1137
1138
1139
1141
6468
3926
5086
1134
9332
9333
1142
1143
1144
1145
9338
1148
1147
1151
1153
1154
1158
1159
1160
1163
1164
1166
1167
1168
9361
9362
9363
1925
3230
4335
1212
7422
3173
2214
5179
1146
1149
1157
1161
1162
1169
9364
1173
1174
9367
1861
1175
1178
1179
1180
1181
1182
1183
1184
1242
2550
1140
1171
1185
1186
1187
1189
1193
1195
1196
1197
1198
1199
1201
1202
1203
1204
1205
1206
1207
9401
1211
9403
1214
1215
1216
1425
2114
3407
2135
2096
1657
2957
2256
2083
4317
2078
3231
3425
3111
1643
3060
1188
1190
1191
1194
1200
1208
1209
1210
9404
1213
1217
1553
1266
1272
2363
9409
1219
1220
1221
9413
1226
1227
1229
1231
1232
1233
1234
1235
1236
1238
1240
1244
1245
1247
9441
1252
1253
1254
1248
2150
1223
2522
6204
1218
1224
1228
1230
1237
1239
1241
1243
1246
1249
1250
1251
9445
9446
9448
1256
1258
1259
1260
1262
1263
1264
1582
3621
1261
1265
1267
1268
1269
1270
9462
1275
1277
1278
1279
1281
1283
1284
1286
1289
1290
1291
1292
1294
9487
1296
1297
9490
1301
2153
1324
1551
2166
1271
1273
1274
1276
1280
1285
1287
1288
9488
1298
1299
1302
1303
1304
1306
1308
1310
1312
1313
1314
1315
9509
1318
2090
6222
1584
3229
3400
1757
1295
1305
1307
1311
1316
1317
1320
1321
9516
9517
1328
1325
1326
1331
1332
1329
9526
9527
1334
1340
1341
5533
4770
5246
6126
2490
2628
9672
3915
5260
2709
2134
3030
3423
2275
2091
3886
2991
2098
7152
1789
1791
1437
2790
4783
5169
1391
3823
3906
1366
2361
1597
1422
1358
2543
3000
2491
1893
1333
1336
1342
1343
1345
1346
1347
1348
1349
1350
1351
1355
1356
1357
1362
1363
1364
1394
1418
1319
9513
1322
1327
1335
1337
1338
1353
1354
1359
1360
1365
1369
1370
1372
1373
1374
1375
9566
9569
1378
1377
9570
1376
1380
1414
1581
1367
1368
1385
1388
1390
1393
1395
9588
1397
1398
1404
9597
1406
1407
1408
9594
1412
1411
1415
1416
1417
1419
1420
1423
1424
1379
1383
1387
1389
1392
1399
9592
1401
1400
1403
1402
1410
1421
1428
1429
1430
1431
1434
1436
1439
1440
1459
1477
9671
1480
1481
1495
2949
4327
2352
2480
2481
1427
2485
2233
3803
2654
5250
2341
5771
1905
1396
1432
1433
1435
1438
1441
9708
1524
9717
1527
1526
1529
1531
1598
2347
4220
3968
6914
2626
2382
1556
1621
1558
2650
2461
2335
2412
1854
4721
3826
2429
2372
2640
2000
2962
2455
4894
1633
2273
2276
5767
2831
2484
1786
1530
1532
1533
1534
1535
1537
1538
1539
1536
1545
9738
1547
1549
1552
1554
1555
1557
1559
1560
1561
1563
1564
1565
6154
2525
1505
1525
9726
1540
1542
1543
1544
1546
1548
1550
1562
1566
1567
1568
1569
9760
1573
1574
9766
1576
1575
1578
1579
1572
1577
5126
1623
2473
2227
3704
2489
3070
3066
1747
2647
2971
2907
2219
3067
3068
2908
1571
5102
1570
1580
1586
1587
1588
1589
9782
1591
1592
2261
1651
7254
1639
3118
1583
1585
1593
1594
9791
1600
1601
1603
1599
1604
1606
1607
1608
9801
1610
1609
9803
1611
1614
1615
1616
1620
4216
4229
1800
5134
2196
1619
1760
1640
4011
4088
5764
2067
5723
4003
4087
1595
1602
1617
9813
1622
1626
1627
1628
1630
1629
1637
1638
3083
3095
2973
1631
2466
3113
2554
1843
2486
2621
6850
1862
1752
2910
3942
3055
3953
2422
1784
2435
4760
3107
3235
2383
2255
5843
2415
2243
1927
2062
3216
2168
2138
2972
2232
2251
4757
3199
1642
1646
9839
1647
9838
1652
1653
1654
9850
9901
9906
9907
1726
1736
1738
1739
1793
2117
2452
2651
3805
2534
2348
5104
1656
2248
5578
5775
3345
3995
2217
2224
3383
1790
1632
1635
1641
1644
9846
1655
1737
1740
1743
2500
2380
1742
1744
1745
1748
1750
1751
9943
1755
9948
1756
1758
9953
9954
9957
1765
1769
1763
1771
1772
1773
1774
1775
9965
1778
1780
2107
2456
2828
1749
1753
1761
1762
1767
1768
1781
1782
1787
1788
1795
1797
1798
9993
1802
1801
1804
1803
1807
1809
1811
1815
1817
1819
4834
3056
2133
2136
3101
2623
2460
4831
1785
1792
1794
1799
1805
1810
1816
1818
1822
1824
10017
1827
1828
1829
1826
10023
1832
1833
1834
2624
2177
3201
1993
2058
4323
1956
4199
4021
4022
2106
2019
7401
3063
1820
1821
1825
10025
1836
1838
1840
1844
1845
1846
1847
10039
1852
2597
6463
5943
5945
5950
2264
4197
3211
2093
4656
5944
1837
1839
1841
1853
1858
1859
1860
10053
1863
10057
1865
1867
1866
1869
1871
1872
3103
1874
3233
8070
4881
2518
3223
2148
2283
2239
5336
3804
2142
2274
3237
7984
2553
5758
1857
1864
1870
1873
1877
1878
1879
1881
1882
2004
2013
2121
2634
3018
1934
4753
4761
2462
1961
4203
3963
2366
3391
1986
1991
4764
6371
3045
6701
7855
3951
2036
3061
2231
1875
1876
3008
4417
2025
2027
2229
2045
4414
4384
3089
1880
1884
1885
1886
1887
1888
1889
1890
1892
10084
1894
10086
1896
1898
10085
1900
10097
1906
2893
2002
1891
2085
3338
1932
2265
2009
2464
2084
3620
2026
10305
3009
2119
2379
2221
2555
3007
1883
1897
1899
1901
1904
1907
1908
1910
2474
3346
3206
3473
2072
2073
3428
2477
3950
2242
3332
2054
1935
3219
3350
3432
2099
3123
1909
1911
1913
1914
1916
1917
1918
1920
1921
3335
3220
2267
2183
5906
3218
2334
2911
2160
4854
2234
3395
3016
3217
2016
3622
1912
1919
1922
1926
10118
1931
1933
1937
1940
1942
1946
2392
2432
5763
2827
4237
4435
4436
3031
3993
2394
5730
3945
2351
6127
2930
2943
3463
3021
2515
4660
3001
2940
1924
1938
1944
1945
1947
2833
3827
3124
3705
1948
1949
1950
1951
1952
1955
10150
1963
1966
1967
10161
1970
1971
1972
1973
1974
10167
1975
1977
10169
1982
1985
1988
1953
1959
1960
1962
1964
1969
1980
1981
1983
1984
1990
1992
1997
2001
2006
2008
2010
10203
2011
2014
2023
2024
2030
2031
2032
2037
2039
6390
2017
2370
3081
2410
5073
5074
1989
1994
1995
1996
2003
2005
2007
2015
2018
2020
2029
2035
2042
2044
10236
2046
2047
2050
2051
10244
2629
3064
5127
2202
2918
3005
3578
3098
2077
3582
4004
2404
2861
5750
2057
2063
2064
2066
2074
2080
2088
10286
2102
10295
10296
2104
2111
2203
3093
2070
3477
6171
4829
2465
2146
6207
3456
3144
5912
4653
6898
3510
3128
5562
2052
2055
2061
2068
2079
2081
2094
2097
2109
2113
3941
2178
4227
3019
2969
3040
2147
3813
3944
3965
3331
3205
5895
3209
3082
2868
3638
2118
2120
2122
2123
10316
10318
2131
2132
10325
2141
5152
2999
4120
5176
2116
2126
2140
10335
10338
2149
2151
10344
2154
2156
2157
2159
2162
2167
2170
2171
2174
2176
2179
2181
2182
2184
2185
3962
3969
2245
3356
2158
3377
2152
2163
2165
2169
2172
2173
2175
2180
2186
2187
2189
2190
2191
2197
2198
2206
2207
10400
2211
2213
2216
4883
2470
2235
3434
6843
6148
6153
4118
4119
4125
4126
4128
4130
4131
4132
4137
4139
2858
4142
4143
4145
4146
4148
4151
4152
4154
4155
4752
3043
5077
5380
4015
6155
4121
4124
4134
4135
4136
4140
4144
4150
4153
6202
6203
4157
4160
2863
6214
4167
4168
4170
6218
2864
6223
4156
3015
4158
4159
4161
6209
6212
4165
4166
6213
6216
6217
6220
4176
4177
6225
6226
4180
4183
4186
6236
4196
4202
6250
6252
4205
6253
3035
4201
2987
2862
4339
2535
6224
4181
4184
6245
4200
6249
6251
4207
4208
6257
6261
4217
4218
4219
6265
4221
6267
6270
4224
6273
6274
5585
4642
6386
3515
6566
3052
2855
4092
6256
6264
6272
4225
6275
4228
6276
4232
4236
4238
2192
6950
2205
2212
6308
6311
6313
6323
2228
3984
3615
2282
2852
6946
4233
6948
4239
4240
2199
6951
2208
6310
2223
2226
6327
6329
10426
2238
10432
2241
2249
6350
4303
6351
4306
4307
2994
3413
2958
6945
6947
4304
4305
2257
2259
4309
4310
4311
10454
4313
2266
2268
6370
2280
4329
4332
2284
4334
4336
4340
6388
4343
4346
6376
3979
4308
4312
4319
2272
2279
4331
4333
4342
6391
6393
6395
4348
8191
6398
6400
6403
2308
6405
6406
6407
6408
10509
2317
10511
10515
3761
3569
6003
6660
5138
6002
6524
2222
6394
2304
10498
6402
6404
6409
6410
4372
2327
2328
4377
2329
4379
2331
4381
4385
2337
2339
2340
4871
6448
5531
3367
2517
3561
8188
2324
2326
4375
2330
2333
4383
4386
2338
4388
4390
2342
2344
4393
4394
6442
4397
6446
2353
2354
6449
5935
5330
2537
2343
4395
2349
6447
4403
2355
4405
4406
4407
4408
4409
4410
4411
4412
6452
2359
2360
2362
2364
4418
4419
4420
4421
4422
5190
3094
5887
7779
2356
6455
6461
2367
10560
2368
6467
2373
2375
6472
6473
4423
4424
4426
4427
4429
4430
2377
4433
4434
2381
2386
6476
2434
2657
2648
3105
2503
3817
2371
6469
2374
6475
4428
4431
4432
2385
2389
2390
4439
6488
2393
4442
6490
2396
2400
2401
2405
2406
2407
6470
4425
2378
6486
2391
4440
4441
2395
10592
2408
10608
2418
2420
2421
6523
2430
2431
2433
10630
2440
2443
2444
2445
2447
2451
4501
4502
4014
4016
6854
3099
6478
6481
2398
2409
2411
2417
2419
2426
2438
3334
2442
2446
4500
2454
2463
2467
6575
4528
2488
6591
2495
2497
6594
3832
3497
6464
6466
2425
2428
2437
2457
2458
2459
6562
2471
2472
2476
2479
2482
2487
2494
6592
2499
2506
2508
2509
2510
2513
6613
6614
2993
2498
2502
6599
10702
2511
2519
2521
6617
6619
6620
2526
2528
2531
2532
6631
2536
2538
4587
2541
2542
2546
2552
2557
6661
4614
4615
7763
3484
4878
2493
2520
10722
2539
2544
2547
2556
6663
6664
4620
6669
2573
6671
2574
2575
2576
2577
6676
6675
2583
2584
2585
2587
2589
3010
4616
4617
4618
6665
6667
2572
2578
2579
2581
2588
2590
2595
2596
4645
2598
2600
4650
2603
4652
10797
4655
4659
