# removed nodes — method=TD λ=20 seed=738194223
124
884
1323
1418
120
453
21
96
974
234
257
577
48
179
12
26
1094
15
122
174
1361
57
116
547
869
1088
1613
862
150
852
271
564
580
1585
1621
70
533
109
112
562
709
1395
68
162
232
1190
1243
1289
831
1330
292
556
621
1248
1192
548
312
198
1039
1741
847
1757
1605
695
134
233
538
604
615
976
1016
1582
1156
1528
1553
131
249
55
244
840
860
49
90
1324
166
1958
29
147
170
555
944
1150
1259
1299
2432
630
91
129
277
1013
1251
1524
6
41
154
438
674
1125
1223
1298
566
46
307
554
588
595
736
896
433
537
571
581
645
654
1135
1274
724
924
1405
1036
266
628
857
939
171
102
1391
608
684
1333
141
854
260
87
302
310
470
670
848
1284
1427
1571
2459
253
446
1224
1336
1339
1366
1550
3914
187
1254
865
1225
1310
2
79
190
1335
1421
16
126
311
626
694
88
195
313
1311
1358
1371
1537
1562
1913
1991
2038
2332
188
143
189
650
2168
3005
219
1622
2397
655
875
698
1322
1617
1657
2335
2352
4
212
652
873
885
1191
1260
1307
1575
2471
2643
137
22
2845
300
1240
2130
2394
1169
1408
1414
2233
98
543
632
947
1245
2492
85
607
653
667
1205
1419
1598
2874
3582
11
211
1394
119
618
103
907
1533
227
251
267
289
689
955
276
977
1567
1634
50
214
1266
1379
1891
2491
3897
44
182
855
843
1080
2346
451
2136
2483
255
261
437
592
1934
241
642
838
856
1074
1384
2456
2853
52
89
113
846
1005
1153
2863
28
293
443
136
1432
2118
1359
2523
66
475
743
24
210
238
246
832
844
1109
204
250
464
898
2274
3473
39
565
713
868
104
205
217
836
1595
3064
197
888
937
254
851
979
1055
1255
2105
2916
56
305
467
853
895
911
1089
1202
1636
2602
130
200
1785
1925
2473
2521
243
1025
215
867
1837
1845
3345
3884
223
447
891
1415
456
1810
1933
3823
84
110
678
893
1017
1803
448
1897
2040
1941
115
229
478
665
861
1535
2111
2778
3180
236
500
981
1040
1272
1753
1760
1781
2422
2503
35
220
263
296
2434
1979
644
1028
2376
4658
703
1380
1746
2117
2468
480
594
664
900
1004
1573
2161
2651
2892
4777
100
101
183
798
1058
1071
2713
770
439
1242
1814
1945
2754
2969
542
781
1138
1793
2760
491
510
515
777
1766
1957
2000
2689
2755
2759
2775
3170
4379
436
587
1776
2413
2067
161
671
1777
1783
1987
2551
259
434
568
744
1114
1179
1271
1778
1839
1902
2351
173
479
783
926
1027
1050
2550
1751
1105
1275
513
938
1007
1160
1290
1927
1956
2485
2980
3634
4121
288
485
499
530
704
796
953
1034
1182
1629
2361
2366
461
817
1736
2138
180
521
1752
4484
602
699
706
763
892
1180
1748
1841
1857
2109
2384
3728
3993
4334
58
524
540
552
635
2615
196
1280
4380
1921
1935
2026
2415
1645
559
1281
1293
1632
2279
445
1296
1808
2027
2290
2329
2466
2743
3721
149
452
760
787
739
1895
3769
114
1198
3761
472
2382
4026
128
1258
1580
1964
2087
2147
2155
2758
72
81
86
1273
1549
1577
1624
1889
2166
2196
1241
2317
1514
3256
2042
2045
2281
2534
3169
34
123
393
535
721
1452
1482
1504
1546
1551
1852
2228
2452
3268
3278
3748
4065
4120
3
427
782
3459
1548
1812
2145
2856
315
505
681
786
826
877
1389
1399
1761
2154
2501
3007
3232
3242
3741
421
496
512
553
192
370
1873
2148
2699
863
882
1
38
159
314
418
870
890
1069
1207
1392
1459
1594
1670
1864
1984
2015
2069
3027
4538
8
1453
1451
3887
172
317
301
830
1448
1938
2751
2785
1326
1443
1493
2354
3148
3250
3717
3772
3979
4190
4536
4573
4618
18
333
338
1954
2910
144
1385
4216
4897
5008
741
1955
2818
384
1599
1968
2039
2386
3687
4759
77
93
152
191
230
258
328
663
897
988
308
4333
5076
82
299
449
1445
1928
1937
1980
2393
2481
4547
4548
209
611
1126
2825
3023
3257
4112
4552
4695
5980
458
484
934
1851
1685
5094
728
1944
2178
1462
1898
3118
3247
3715
3720
3753
4203
4304
222
262
455
1120
1337
1758
1900
1901
2082
2086
2424
3105
2617
1903
2079
4174
1821
2075
6031
270
972
1387
2606
2865
2926
3297
3302
4208
4562
237
932
1097
1463
1515
1843
2183
2205
2800
2808
1619
2070
4752
7206
54
1817
3712
3843
3854
3912
5060
19
2005
2297
2403
2419
2536
3710
95
127
613
1236
1835
1874
1961
2507
3718
1545
1939
3266
3300
3329
4374
4756
139
1542
3708
97
156
850
1409
2506
2850
3281
3293
3295
3713
3740
3759
3793
4981
490
495
660
4141
1113
928
1102
1529
3723
3919
265
1496
1721
2198
2283
2941
3189
3249
3472
3730
3734
3776
808
964
1086
1425
1507
1625
1731
1789
1608
460
520
983
1157
1661
1730
2157
4509
549
750
866
1540
1583
1709
1912
2083
3625
3670
107
737
791
1477
1576
1604
1654
1867
1376
2774
624
1367
2350
5131
1422
1719
2819
2855
2884
3174
4142
5066
5264
5702
151
742
1090
1364
1936
2048
2308
2624
2813
2823
2869
3653
4971
688
2007
3477
281
1370
1497
1981
1993
2218
2282
2288
3181
3461
3628
3631
3638
3673
4185
5005
518
809
1287
1300
1455
1485
2144
2593
2796
3305
4248
4686
5168
525
690
813
954
1082
1342
1356
1424
2267
2333
2364
2490
2609
2870
3124
3318
3460
3635
3650
3671
2702
4336
691
1820
2013
3658
5086
526
600
818
1521
1830
2437
2457
2991
3218
3493
4514
4705
4734
53
294
494
631
638
679
774
4583
1466
1767
1911
2133
3009
3512
3704
4416
4810
7131
165
185
498
625
725
1008
1062
1079
1110
1470
1544
1768
2011
2315
2477
3166
4377
2146
3423
6707
330
658
707
1158
1218
2693
2945
3578
3581
3659
3796
4544
348
1075
1172
1383
1714
1804
1962
2206
2440
3230
3706
4526
477
1051
1476
488
915
3641
202
273
720
727
802
1161
1355
1791
1816
2201
2815
3030
3665
4244
4252
4254
4259
4611
25
62
295
5102
697
2683
2673
2843
4438
4592
486
546
633
1252
1382
1543
1556
1868
2324
2449
2880
3299
3643
3749
3755
3765
4251
4556
5764
2187
1518
2930
4554
1446
2036
3545
1960
2626
3437
3783
3788
4150
4242
4247
4451
4559
5002
76
367
504
541
563
593
902
925
1049
693
2163
1235
2004
2179
2544
3130
138
369
692
916
1154
1838
1875
2085
2090
2135
2472
2588
2907
3192
3367
3848
4139
4572
5092
390
1076
1142
1291
1910
734
967
984
1112
1115
1230
1876
2339
2857
3254
3503
3860
4062
4417
4445
4491
5414
207
248
264
492
536
714
659
4563
1268
1628
2023
4814
5674
6428
7163
450
627
717
1350
1450
2971
2974
3231
3328
4761
4937
7188
319
352
550
620
943
993
1612
2740
1229
1828
3575
420
1084
1149
1572
1883
2568
2721
2868
3140
3537
3901
4013
4022
4061
4571
4577
4823
5413
5562
224
432
966
4269
2062
2677
2696
1526
5074
1060
1066
1228
2030
3292
3562
3925
4262
622
1185
1269
1948
2002
2018
2486
2798
3680
4072
4145
4391
4409
574
2770
3549
3627
3846
4035
4816
5042
5739
1483
1509
1511
2043
2232
2674
2687
2799
2821
3274
3917
5401
376
511
599
616
643
715
1204
1631
3546
4103
1558
1640
2180
2562
3527
6757
930
952
1132
1234
1257
1413
1800
1826
1995
2153
2455
2749
3000
3159
3462
3686
3862
1411
3141
465
2294
2703
3216
3401
6493
213
303
784
1294
1431
1499
2032
2306
2531
2736
2942
3316
3702
3709
4113
5204
5217
5281
6430
5400
3161
1166
1249
2805
3138
3296
769
1189
1194
1429
1982
2009
2029
2295
2430
2750
3844
3956
4838
5224
7191
8518
340
416
701
806
4235
6496
2014
2939
4654
178
561
801
1372
1885
2402
3145
3484
3488
4016
4793
7195
5
181
284
584
828
987
1468
1512
2377
2747
2576
395
2675
386
392
557
712
1434
3523
3923
5203
5394
5619
440
1239
1481
1554
1770
1974
2570
2572
2578
2592
2634
2709
2938
3787
3045
4495
1390
5229
5209
5221
7203
481
804
2685
2734
4787
5437
5751
6651
7223
153
221
516
780
829
1329
1388
1686
1745
2467
2474
3497
835
975
4346
6051
6288
20
827
935
1212
1663
1687
1992
3733
4250
4886
5979
6030
6819
7222
2019
2621
2854
2973
3094
3244
3264
2096
2427
6065
2692
2881
3211
3407
4347
4411
4878
69
489
729
788
793
1002
1044
1486
1735
1923
2264
2614
2669
2711
3172
3585
3757
2787
687
1603
4435
1449
1953
2530
2802
3167
3422
3445
5409
5423
6072
776
903
918
946
1474
1666
1749
1947
2016
2143
2202
2247
2462
4998
1893
2378
3815
4790
4994
5271
208
646
748
1282
1457
1527
1711
1802
2275
2357
2489
2500
2620
3119
3287
3310
3403
3532
4995
5010
4635
5485
247
320
1587
1786
4093
4136
462
572
973
1167
2150
2566
3714
3736
3813
3858
4387
4959
5009
5410
6798
7179
7759
167
201
5407
7815
32
2338
2970
3004
3165
3927
5402
1083
1129
1723
2654
2769
3496
3499
3521
4502
4701
4725
5029
5257
5265
5274
5417
6816
7229
1147
4273
800
1065
1501
2022
5153
6861
355
957
1101
1400
1593
1681
2103
2108
2399
2610
2781
3258
3678
4388
4561
4651
5511
5786
6290
1253
1338
4116
1021
1983
2152
2488
3747
3758
6165
6745
810
1103
1117
1440
1502
3190
3630
3701
3886
3926
4246
4356
4798
5123
6295
73
1146
1200
1227
3184
3294
1091
1159
2200
2214
2695
2748
2872
3482
3492
3688
4117
4193
4753
5196
5515
6624
216
282
336
1111
1267
1315
1053
1635
3262
3490
6122
7686
206
2140
2285
3175
3289
3731
3944
4131
4480
4558
5514
5595
6134
6296
6608
6705
7437
7691
8766
508
700
1717
1724
3916
7717
321
610
1046
1360
1727
1963
2316
4147
4181
5371
7446
275
424
723
758
883
959
1020
1627
1693
1924
2517
2714
3265
501
503
4323
514
528
816
1660
2400
2707
5974
6411
6820
121
304
509
923
1000
1061
1155
1288
1503
1672
1674
1683
1688
1718
1410
2098
764
2106
2816
4096
4123
5500
280
1068
1171
1932
2814
4118
4595
6414
298
309
409
459
1122
1213
1557
1684
1850
2245
2359
4138
6623
2479
4169
726
886
1151
1710
3742
3766
3825
4108
4184
4371
4479
4530
4564
4606
4703
5004
5055
5119
5336
5508
5697
6424
6507
160
2365
4764
2838
3001
4025
4467
5912
7441
7615
318
334
956
1014
1302
1644
1733
1943
1965
2160
2229
2405
3725
4365
4741
5100
5110
6810
1799
2679
2812
4454
354
569
1306
1712
1795
1966
2208
2628
2665
2671
3219
3283
3574
3985
4265
4448
4585
4750
4965
5276
5286
5621
2499
2497
2807
4063
4678
5588
385
399
1303
1618
2522
2597
2648
2752
2827
3255
3661
3663
4155
4272
4359
4486
5212
5434
5815
6089
6385
841
4400
4414
4693
5275
5640
5687
6242
7092
371
2580
2782
3183
3453
3745
3841
3875
4285
4354
4555
4578
5253
5543
5679
6167
6628
6641
7256
1805
8287
2461
2715
3705
6642
7728
394
545
1145
1695
1849
2885
3573
4255
4550
4779
5472
5618
5973
6158
6429
6638
6639
6640
6643
4166
6382
290
1222
1508
3223
4218
5108
6539
6823
597
1023
1505
2131
2256
2487
2662
2801
3556
3645
4170
4339
4353
4482
5031
6298
6621
583
1878
4770
4952
5038
5306
5789
7120
7676
586
2033
2054
3719
3732
3959
4127
4680
5396
6044
7074
7207
8206
534
619
1087
1140
1188
37
2672
5122
7719
1602
2171
3974
4137
5013
6163
6352
6468
7021
7208
7669
186
527
531
1030
1305
1341
1444
1725
1914
2078
2093
2203
199
1729
1999
2591
2737
2817
3330
3651
3838
3941
4102
4716
751
775
1226
1270
1332
1492
1630
1728
2227
2334
2543
2803
2940
2947
2958
1972
2102
7211
7240
31
1402
2358
3666
3842
4165
4507
4812
5284
6222
6390
6990
7227
640
814
1121
1232
1353
1510
1697
1815
1844
1949
6534
483
2077
2742
1197
2370
2392
3173
4004
4727
7173
7663
8082
8549
8550
7
252
297
454
522
705
754
845
905
1033
1124
1536
6155
2744
1214
1616
3186
3906
3968
4560
5605
5675
7667
7807
287
469
672
901
1479
1559
1584
2025
2224
2388
2513
2574
2667
2784
2866
753
2496
5768
7601
3085
5006
59
636
1193
1201
1398
1519
2451
2508
2708
2831
2929
3246
3290
3304
3324
3349
3522
3655
3679
4151
4158
7804
4688
4925
5043
5513
7570
169
431
506
971
1108
1373
1417
1669
2123
2326
2718
2746
2935
2966
3093
3101
3921
4197
4439
4487
4604
5299
2091
2773
3039
3282
5059
5166
7068
7488
7956
8360
8481
36
45
668
989
1650
1740
2114
2194
2221
2385
2470
2762
2783
2977
3132
5843
7249
839
2319
2407
3525
4461
5073
5964
7253
7955
225
400
762
912
914
1762
1823
2020
2170
2243
2298
2460
2482
2511
2554
2694
5239
3391
5345
6668
7177
8960
1304
1321
2342
5673
6281
9153
337
567
730
940
1732
1905
1997
2044
2310
2398
2436
3008
3193
3269
3531
3209
332
3394
4283
4607
8768
823
1555
2073
2379
2396
2464
2611
2847
3182
3261
3399
4470
4767
4774
5028
6067
6785
7216
8131
8833
411
8201
3784
4032
5381
6492
7226
8205
1085
1506
1570
1806
2278
2349
2367
2480
3050
3089
3389
3621
3707
3824
4171
4271
4475
4754
4794
5210
2596
1480
7595
8012
148
641
1148
1187
1880
2122
2732
2828
2891
2953
3060
3197
3696
3781
4257
4422
4960
5237
5246
5384
6237
6326
6435
3698
4175
2563
4476
7189
7594
8073
325
441
570
601
1523
1581
2226
2234
2255
2313
3253
3312
3920
4144
4449
4513
4569
4735
5236
5346
5921
2238
2374
2444
2697
4114
4763
4922
5144
6691
6980
7204
7213
239
341
378
648
797
1216
1220
1319
1763
1784
1834
2006
2348
2380
2095
5347
6020
6604
6793
366
2355
2859
2949
2993
3245
3298
3780
4164
4238
4699
5150
5151
5190
5887
6419
6526
6530
6835
7047
7217
372
3876
858
1909
2172
2401
2618
2629
3835
4056
4450
4616
5530
5860
6212
6873
7459
27
75
468
590
811
909
1035
1119
1176
1403
1539
63
3711
1494
1513
6863
7231
231
1072
1134
2686
4101
4106
4182
4466
5614
5877
5919
6818
6902
7573
8507
8819
99
589
666
790
910
3557
3943
7041
1426
1899
2728
3215
3448
3450
3833
4134
4140
5205
5945
6070
6692
7356
7568
8703
9469
17
51
65
412
756
834
1438
4376
1579
2272
2826
2911
3113
3336
3649
3832
4168
5054
5506
5633
5943
5947
5948
7197
7565
7740
9144
14
67
78
482
614
637
819
5940
815
1428
1668
1904
2058
2414
2519
2997
3002
3233
3652
3750
3994
4226
4707
5101
5165
5944
6715
6779
6931
8199
194
686
747
936
5699
3729
5067
532
609
1600
1871
2877
3271
3561
4045
4080
4081
4575
5477
5531
6193
6282
8283
8769
117
327
696
922
950
1215
1607
5113
5693
1416
1918
2864
3418
3636
4447
7225
8053
8643
9919
47
591
799
1314
1401
1563
2173
2446
2498
2571
2722
2730
2791
2794
2860
5068
1696
2438
3840
4041
5219
5225
5667
6136
6574
7130
274
1077
1436
1700
2447
2569
2607
2691
2727
2745
2852
2927
2965
2999
3070
3454
3681
5235
6963
2616
3530
4038
4570
4853
5159
5278
5558
6034
6131
7436
71
1131
1237
1286
1346
1433
1633
1673
1971
2248
2387
2412
2439
4229
4789
6486
1967
2841
4782
5632
7682
9172
350
363
374
381
612
1031
1199
1484
1775
2055
2327
2514
2537
2741
2988
3177
3291
3566
1915
2121
3018
5298
5859
7244
7259
7789
7900
7916
8268
387
403
651
740
894
1001
1456
1488
1489
1652
1764
1801
1870
2057
2081
2589
1930
716
1998
2539
2771
3025
3502
3899
4163
4358
4517
4532
5218
6566
6831
6938
7069
8101
193
573
768
945
1043
1308
1320
1690
1827
733
1678
2012
2908
3541
3950
4710
5351
5484
5586
8667
435
476
789
803
821
1233
1458
1707
1737
1813
1888
2080
2428
3229
3267
3325
2962
3276
3847
5793
5795
7746
864
1003
1022
1107
1689
1890
2099
2322
2453
2888
3038
3259
3331
3596
3831
3851
3978
4069
4084
4125
4518
2060
3402
3911
4154
5522
5733
7061
7751
8295
269
675
1309
1643
1894
1940
2017
2056
2312
2426
2567
2646
2670
3187
3498
3754
3794
3819
6066
2561
3868
3034
3320
5499
6603
8042
10024
755
1744
2010
2904
3288
3313
3321
3572
3870
3945
4003
4027
4263
4274
4503
4579
5307
5516
4191
2119
4397
4432
5873
6190
7489
7614
1026
1475
1626
2035
2518
2680
2810
2861
3248
3322
3615
4011
4192
4261
4286
4310
4366
4406
4696
4033
1093
5295
6416
6500
7312
8266
373
473
948
1829
2287
2292
2301
2304
3428
3476
3554
3568
3667
4034
4079
4291
4553
4613
4783
5154
4653
7466
4099
5030
5482
7897
8416
40
1942
2668
3577
3872
3891
3907
3969
3991
4289
4474
4603
4803
4914
5359
5403
5483
5565
5602
5610
1854
596
3555
7771
8448
175
735
1994
2142
2177
2353
2425
3468
3567
3791
4047
4239
4276
4894
5020
5479
5858
5927
6208
6565
6570
6602
3524
1343
4070
7010
7294
146
1144
1354
2125
2286
3199
3883
3888
4232
4441
4463
4648
4993
5017
5018
5142
5145
5160
5195
5365
5495
5599
3818
4818
6934
7046
8710
507
1985
2189
2700
2837
3263
3368
3451
3536
3583
3778
3972
4245
4270
4404
4508
4594
5875
6502
7079
7169
7172
5039
961
4302
4360
5308
6852
8085
1006
1797
2047
2585
2873
3080
3154
3703
4024
4071
4078
4100
4256
4382
5077
5137
5269
5489
5634
5662
7767
6183
6305
8100
1671
4665
6090
7101
7132
7357
7681
1011
2076
3467
3526
4396
5598
5817
5874
6515
7012
7014
8009
8079
8363
9019
466
5732
1642
5563
7390
2068
2532
2901
3694
4157
4408
5050
5283
5592
5655
5681
6116
6166
6243
6533
7105
7168
7196
7698
7736
7902
7930
8086
523
5176
6629
7135
8095
9316
1538
1825
1877
2061
3900
4459
5248
5340
5676
5923
5931
6284
6391
6396
6549
6897
7136
7689
7855
8092
8099
4660
8619
603
1699
3227
3903
4221
4542
5367
5501
5556
6021
6154
6192
6537
6784
7029
7070
7086
7288
7499
7522
7536
7768
8062
8090
8258
5683
9
1447
2345
2684
2720
2879
2972
3013
3535
3565
3928
4087
4557
5476
5606
5635
5854
6015
6073
6161
6172
6686
6746
7161
7162
7175
6727
7090
7261
7857
711
1641
2320
3938
4389
4403
4737
5289
5341
5691
6028
6132
6744
7246
7465
7531
7893
8321
8902
9422
203
807
812
2259
5135
7685
1345
1396
2216
2559
2560
3056
3510
5272
5657
5889
7138
7306
7524
8560
9634
375
474
765
1264
1574
1667
1704
1819
1859
3061
7690
708
1317
1656
4471
4698
4819
5181
5266
5313
5361
5497
5925
6170
6357
6407
6446
6864
7007
7266
7467
8222
8888
9556
9829
413
5474
8003
970
3035
4280
5404
5738
6322
6679
6882
8104
8271
8522
463
919
1295
1442
2162
2360
2383
3049
3111
3149
3243
3251
3569
4018
1694
9559
779
1116
1520
4094
4098
4700
5291
5807
6421
7450
7452
7726
7739
7781
7964
8133
8211
9561
125
968
978
1331
1498
1620
1679
2212
2409
3153
4258
4317
4357
4685
4829
5118
6418
6788
7096
7230
7786
7835
8065
8923
657
738
1136
1164
1386
1659
1743
1969
2363
2445
4075
6082
2535
2657
4090
5654
6528
7772
7798
990
1029
1106
1178
1184
1637
2373
2546
2832
2836
2954
3021
3201
3279
3284
3323
3513
3606
5539
6701
8401
9242
9528
1959
3400
4453
5496
6360
6947
7311
8010
8642
8946
9819
10074
617
767
1041
1045
1096
1173
1263
1316
1351
1473
5011
7829
380
3133
3152
3156
3307
3390
3691
4021
4687
4821
4997
5230
5669
5928
5937
6169
6176
6494
7666
8384
906
1591
2557
3040
3129
361
5593
5871
6359
6480
7025
7339
8553
1054
1822
2454
2548
2587
2753
2763
2883
2933
3103
3139
3143
3151
3439
3690
3735
3963
3977
4068
2594
6013
6189
6514
6523
6710
6991
7292
7693
7764
8290
324
929
985
1277
1738
2219
2688
2839
2858
3095
3309
3465
3518
3613
3644
3722
4590
9062
9143
9854
2600
3081
3830
4567
5014
6499
6550
6737
6841
6994
7024
7555
7709
7805
8547
9198
792
999
1152
1615
1765
1779
2049
6393
6128
6485
9167
457
1977
3656
4135
4521
5312
6054
6541
6585
6664
6870
6975
7320
7679
7708
8774
8832
10011
30
347
908
991
1824
3032
3043
5049
6279
6439
6510
7593
245
913
1052
1104
1863
1872
1881
2230
2582
3131
3142
3185
3194
3234
3483
3539
3737
4294
4342
4602
1638
2302
2756
4822
5311
5430
5865
7171
8289
8990
9174
422
529
2008
2052
2134
3031
3137
3286
3377
3386
3965
4091
4105
4225
4277
4301
3672
3782
4187
4413
5115
5300
5895
6261
6840
7765
9015
10370
1782
2284
2305
2849
2903
3158
3237
3746
3768
4060
4610
4656
4677
4731
4807
3752
6857
7340
3560
5053
5790
5864
6164
7031
8428
9171
342
519
1256
1916
2716
2894
2986
3164
3178
3241
3364
4076
4110
4332
4740
4839
3260
8670
8872
4095
4975
4979
5425
5882
7097
7100
8419
8484
1186
2525
3382
3466
3756
3877
3908
3953
4051
4122
4275
4295
4490
4574
4743
3315
4036
7729
1774
2231
3434
3515
3538
3770
4173
4267
4405
4881
4991
5016
5019
5044
5062
5263
5354
5358
5651
5760
6098
6141
6274
6353
7458
3995
5061
5451
6087
6384
6547
6633
7349
8697
1244
2542
2909
3797
4202
4217
4601
4785
4934
5330
5372
5561
5700
5769
5905
6083
6386
6984
7235
6970
8250
8707
377
1412
1836
2502
3066
3068
3436
3674
4176
4420
4510
4543
4968
5085
5120
5302
5419
5622
5696
5785
5971
6025
6538
6655
6741
7165
7891
8509
405
1862
2564
3127
3790
4129
4172
4418
4692
4927
5292
5393
5427
5428
5638
6018
6081
6229
6283
6370
6607
397
3960
7040
7099
8935
8986
389
1231
1747
1920
2072
2493
2943
3236
3551
3789
4581
4778
4806
5140
5487
5626
6068
6174
6294
6958
6997
7201
414
1465
2612
2623
2987
3446
3534
3647
3822
4179
4796
4936
5677
5835
6001
6149
6232
6437
6540
6711
6773
6826
6979
7389
7599
7612
7219
3543
6417
7784
7988
8153
9739
33
398
1064
2644
2690
3188
3692
3810
4748
4811
5024
5293
6267
6905
7018
7033
7384
7408
7523
7550
4043
8952
323
444
683
795
1865
4455
4582
4702
4963
5258
5392
5444
5505
5758
6050
6291
6535
6937
7193
7212
7239
7251
7323
7575
7577
2484
5025
6346
6474
8024
8938
969
2408
2705
3022
3773
4149
4917
5112
5478
5527
5791
5904
6085
6119
6145
6425
6657
6876
6961
7352
7611
6755
2793
3548
3579
4747
4755
5473
5494
6723
7648
7730
7758
8091
8118
8362
8387
8446
8683
8713
9077
9336
9402
9945
10215
132
235
345
4771
8989
9289
10001
43
2309
2824
3097
3486
3738
4751
4935
5121
5138
5222
5490
5783
5840
6233
6531
6759
7210
7360
7448
7515
7563
7634
2469
1196
1495
1516
1530
1771
1792
2820
3455
3480
3511
3559
4657
4708
4832
5156
5175
5950
6245
6694
7569
7592
8011
8460
8597
9014
9178
6766
7770
2840
5277
5297
5352
6749
6974
7051
7059
7346
7756
8013
8202
8878
9018
9081
9262
9451
64
331
335
396
425
732
1063
1137
980
2186
2833
2915
4401
4524
4781
4804
5270
5585
5658
5847
6047
6292
6635
6724
7049
7174
7265
7542
7581
8617
8757
8928
158
379
382
3052
3987
4152
5243
5546
5836
6226
6315
6404
6813
6942
7382
7702
7899
9219
9537
9881
10421
752
927
962
1010
1032
1327
1601
1691
1794
8995
2328
2898
4426
4520
4690
4820
5388
6797
6809
6867
7580
7720
7871
8037
8676
8987
9071
9188
9327
9573
9679
401
1123
1165
1174
1469
7472
2088
2169
3456
3478
3542
4195
4472
5250
5892
7116
7184
7250
7468
7731
7818
7960
8026
8309
9152
9324
9793
306
343
1313
1517
1739
8164
2151
4281
4395
4980
5045
5779
5978
6637
6804
6932
7277
7487
7849
7944
8315
8552
9076
177
408
822
1597
1623
1769
2024
2100
2116
6801
6802
7480
2182
5171
5849
6509
6594
6644
7023
7103
7957
8366
8546
9426
9784
10068
61
880
1861
1892
1951
1973
2053
2126
2209
2475
4531
3529
3660
3760
4419
5255
5639
5845
5915
5997
6197
6343
6690
7348
7354
7725
7942
8650
8903
9095
9745
140
578
881
1078
1832
1919
3205
3447
3857
3881
4775
5583
6754
6795
6911
7134
7680
7879
8027
8207
8299
8576
9208
487
649
1357
1675
2175
2299
2406
2586
2659
2761
879
3062
3385
5241
6703
6718
7257
7258
942
1128
1750
1831
2159
2262
2265
2280
2368
2435
2579
2583
2640
2789
2878
2895
2897
3134
3135
6772
3202
3626
5187
5642
5911
5994
6750
7298
7334
7526
7597
7800
7850
8175
8409
9150
9230
9541
9628
9903
10313
773
917
1472
1869
2127
2289
4464
5743
6101
6198
6375
6821
7019
7034
7734
8117
8962
9063
9201
9228
9585
278
344
423
1250
1460
2223
2311
2318
2417
2528
2765
2520
2404
2555
2573
3308
4160
4234
4368
4462
5491
6356
7915
731
1378
1716
2094
2371
2647
2701
2835
2862
2893
2957
3228
3252
3285
3396
4348
4549
4969
5432
6965
7673
7875
8083
8281
8457
8478
8796
8816
2527
2733
2830
2964
2976
3055
3104
3109
3210
3348
3646
3726
3890
3909
4637
4902
5344
5630
6094
6999
7571
7683
8043
8286
8615
9322
9351
10431
291
322
1726
1917
2739
2914
3083
3355
3599
3669
3689
3792
3922
4402
4913
7347
8455
1397
1884
2478
2678
2729
2906
3033
3217
3463
3642
3727
4233
4288
4423
4640
4728
4854
4905
4961
4967
4999
5129
5130
8944
4128
4290
5343
6297
6693
7901
8145
417
889
2063
2786
3128
3485
3657
3668
3724
4240
4279
4364
4425
4427
4446
4483
4522
4546
4591
6790
7056
7822
8415
8966
9669
9767
9931
805
1203
2097
2389
2441
2553
2725
2790
2834
3163
3618
3785
3894
4130
4282
4305
4386
4533
4621
5233
7027
8005
8578
9002
759
1478
1639
2074
2411
2768
3869
3924
3929
4002
4015
4057
4264
4300
4313
4676
4679
5021
5072
5104
5109
5147
871
1406
5440
5736
5798
6273
6529
6582
6898
6928
931
1210
2723
3795
3827
3915
4161
4485
4652
4706
4722
4863
5064
5091
5136
5157
5213
8493
8512
8649
560
1461
2595
2905
3918
4307
4309
4312
4385
4805
5254
5399
5422
5510
5567
5591
5628
5661
5737
5833
5862
6035
6076
6120
6508
6511
6595
7035
7646
8646
10175
108
639
1976
3366
3495
3771
4126
4194
4670
5116
5149
5152
5231
5357
5383
5420
5453
5488
5611
5668
6893
7532
8333
9512
1301
1471
2547
2650
3341
3949
3952
4046
4074
4227
4620
5173
5232
5436
5486
6022
6078
6151
6223
6227
6244
6250
6355
6503
8836
9627
921
1772
2241
2577
2710
2726
3558
3584
4085
4086
4394
4452
4795
4815
4835
5220
5245
5475
5502
5665
5834
5961
5972
6023
8985
6854
7299
7670
8542
3853
4020
4392
4906
5201
5238
5285
5335
5450
5926
6010
6029
6195
6246
6372
6410
6433
6442
6448
6518
6536
6568
6516
7192
7198
1922
2251
3196
4146
4545
4633
4649
5242
5280
5356
5366
5480
5801
5808
5949
6100
6472
6567
6596
6606
6616
6622
6704
6762
7528
8959
226
825
1840
2225
2300
2465
3317
3363
4468
4958
5182
5211
5370
5507
5805
6019
6039
6196
6230
6306
6374
6397
6491
6758
6910
1662
7154
10206
10314
442
1929
2268
2372
2890
2937
3019
3123
4669
4760
4938
5782
5941
6024
6286
6312
6342
6376
6432
6579
6636
6656
6879
4048
358
1283
1522
2712
3863
4523
5408
5744
6118
6251
6331
6447
6580
6654
6697
6712
6904
7065
7114
7199
7264
7291
7331
7335
7405
7406
4802
7091
8413
8866
9683
9715
359
1491
1658
2604
2928
3479
3544
5052
5290
5649
6079
6124
6989
7017
7020
7032
7055
7145
7147
7151
7242
8256
820
1297
3157
3395
3836
4029
4516
4730
4855
5048
5079
5314
5629
5866
6260
6293
6398
6406
6422
6544
6726
6753
6853
6985
7085
7328
3601
4237
4278
5184
5223
5369
6117
6381
6402
6756
7015
7146
7287
7322
7336
7440
7514
7604
7668
7716
7769
7796
7831
7898
7971
7980
8077
4298
5078
9884
10381
402
3683
4083
5690
5719
6403
6577
6748
6954
7187
7396
7416
7492
7497
7970
8032
8093
8097
8116
8255
8264
8265
8292
8893
2681
3280
4159
4697
5412
5526
5582
5643
6199
6214
6218
6995
7001
7057
7202
7234
7388
7449
7451
7538
7733
8008
8262
8269
8381
8456
2273
8410
4220
5405
5498
5578
6781
6871
6883
8048
8274
8352
8548
8571
8652
8686
8743
9086
9200
9224
9265
9349
9407
9470
9574
9655
9707
9557
9774
242
419
702
1754
2738
3508
3664
4097
4641
5603
6049
6471
7413
7525
7527
7675
7753
8293
8632
8974
8998
9199
9382
9398
9414
9925
2994
3864
3867
5164
5492
6440
6968
7428
8335
8458
8696
9243
9315
9384
9608
9690
9706
9729
9865
9876
9910
10267
10379
10385
10730
10827
407
2956
4162
4691
4847
5458
6680
6996
7653
7953
8018
8453
8965
9089
9534
10377
13
23
42
80
135
164
168
388
410
579
623
605
4306
4757
5890
5996
6941
7817
8765
9139
9193
9244
9653
10355
60
92
163
240
268
346
360
404
471
493
539
710
722
766
1734
2418
2538
3598
7442
7485
7521
7617
7878
8420
9413
10534
83
362
682
685
761
771
833
849
899
951
960
982
1037
1057
1092
677
2340
3350
3507
3654
4326
5863
6560
6576
6987
7839
8714
8749
8921
9514
9625
9710
10319
772
778
785
824
872
904
1130
1163
1168
8310
4189
7038
7572
8307
8319
8404
9088
9662
368
558
585
876
1098
1118
1143
1162
1209
1211
1246
1334
1344
1420
1430
1441
1500
1532
2918
3600
7205
8827
8864
10134
10180
10188
10345
184
383
497
998
1139
1175
1265
1278
1279
1285
1348
1349
1365
1369
1487
1560
1565
1586
4505
4791
6767
7794
8004
8738
9560
9650
986
1015
1564
1606
1614
1651
1655
1677
1680
1692
1702
1722
1759
1853
1856
1887
1896
2031
2046
2149
3356
5814
7540
8417
8465
8618
9006
9673
9684
9796
669
933
1588
1609
1649
1665
1706
1708
1950
1970
1996
2021
2028
2065
2101
2137
6361
6368
6787
7454
7455
8109
8351
105
1059
1292
1312
1368
1435
1568
1592
1818
1866
1907
1926
2003
2066
2084
2156
2184
2192
2199
2211
4721
8353
8771
9043
9067
9505
10548
1454
1467
1589
1653
1787
1809
1931
2188
2191
2204
2207
2213
2239
2250
2254
2258
2276
2277
2303
2314
5368
6147
7075
8744
9725
10141
391
746
1946
2124
2217
2235
2237
2249
2263
2296
2323
2330
2347
2375
2381
2421
2476
2494
2526
2529
2533
3108
6725
6986
10153
794
1081
1247
1276
1646
1720
2341
2410
2416
2420
2442
2443
2458
2495
2504
2505
2510
2515
2524
2556
2558
2565
2584
5080
5685
7363
8348
406
680
719
1095
1375
2291
2540
2599
2653
2663
2666
2719
2735
2757
2766
2777
2779
2806
2809
2846
2851
2896
2922
3146
3865
6646
8119
9238
10273
606
1377
1464
1886
2253
2433
2631
2658
2731
2764
2767
2795
2902
2923
2948
2960
2963
2979
2983
2985
2995
4525
5000
6466
8017
9369
9601
1100
1796
2050
2167
2804
2931
2975
3020
3041
3057
3067
3074
3088
3098
3122
3125
3162
3220
3226
3235
3277
8350
9096
9126
9173
10183
502
2051
2581
2590
2932
3026
3028
3036
3048
3082
3106
3179
3191
3203
3239
3272
3275
3362
3373
3381
3415
3416
4739
5244
7737
9842
10339
10683
958
1858
2797
3144
3303
3326
3338
3369
3371
3375
3380
3420
3458
3470
3475
3481
3487
3540
3550
3564
3589
6922
8208
9371
256
2252
3432
3457
3471
3516
3533
3570
3591
3614
3633
3682
3695
3697
3739
3774
3779
3786
3814
3817
3849
3855
3856
3936
3700
9055
10581
2882
3072
3238
3528
3685
3764
3767
3775
3777
3799
3800
3803
3826
3828
3834
3837
3866
3871
3873
3874
3898
3934
3962
3975
5549
8232
9584
9869
365
3010
3576
3624
3946
3958
3981
3996
4006
4050
4059
4092
4107
4111
4115
4119
4124
4156
4177
4178
4180
4200
4206
5853
5969
7076
10212
353
2598
3983
3984
4044
4052
4055
4188
4201
4253
4268
4296
4320
4329
4331
4361
4370
4373
4407
4415
4429
4436
4440
6175
9280
9392
10071
326
357
429
3365
4053
4207
4211
4228
4241
4287
4383
4384
4398
4412
4442
4469
4488
4494
4496
4501
4511
4588
4598
4639
5749
7345
9151
3850
3904
4456
4457
4458
4500
4506
4512
4519
4527
4535
4568
4584
4586
4609
4617
4655
4672
4704
4717
4758
4768
4769
5188
7644
145
3632
3693
3816
4017
4064
4066
4266
4600
4714
4715
4726
4742
4797
4813
4843
4845
4846
4864
4871
4882
4883
4939
4942
4947
7129
9949
1363
1611
2660
3150
3449
4014
4330
4541
4749
4784
4788
4817
4828
4834
4893
4921
4996
5012
5026
5037
5047
5057
5098
5103
5107
6945
8391
8940
10407
10739
2034
3155
3160
4931
4948
4964
4972
5023
5034
5041
5051
5106
5127
5128
5141
5146
5167
5169
5172
5177
5189
5191
7036
3444
4249
4824
5063
5148
5155
5214
5216
5247
5260
5287
5303
5315
5353
5355
5386
5390
5395
5415
5435
5446
5449
5456
5523
5538
5540
8933
3327
5081
5208
5228
5251
5262
5296
5301
5309
5348
5380
5387
5429
5438
5481
5519
5533
5534
5557
5560
5571
5577
5589
5590
5607
5615
9583
10243
1807
4199
4515
4551
5174
5256
5421
5547
5587
5620
5637
5644
5647
5689
5701
5730
5735
5742
5745
5757
5770
5784
5800
5829
5830
7987
10240
10644
283
1127
3474
4355
4647
4738
5324
5613
5616
5684
5694
5752
5761
5799
5812
5813
5820
5826
5842
5850
5856
5870
5893
5916
7618
8660
3319
4243
4284
4529
5521
5721
5846
5861
5869
5894
5906
5913
5924
5933
5958
5966
5968
5970
5975
5981
5982
5986
5998
6000
6027
8950
8955
2601
4983
5183
5648
5766
5848
5922
5930
5934
5967
5985
6004
6036
6042
6062
6069
6074
6091
6115
6126
6129
6130
6157
6159
6182
1490
2431
2450
6041
6053
6096
6105
6125
6135
6146
6160
6168
6171
6200
6216
6217
6219
6236
6238
6248
6266
6280
6307
6333
6347
6348
6358
3821
4399
4786
5855
6209
6235
6240
6241
6300
6304
6345
6349
6354
6365
6400
6427
6431
6434
6438
6441
6453
6455
6463
6482
6487
6501
6532
5688
6084
6102
6369
6388
6392
6399
6452
6459
6467
6506
6519
6527
6543
6587
6630
6634
6652
6660
6700
6709
6717
6719
6760
6769
6770
6771
6367
6394
6489
6557
6573
6581
6584
6588
6590
6609
6618
6631
6632
6649
6666
6667
6678
6698
6720
6751
6752
6775
6796
6811
6830
6860
6862
6011
6287
6371
6548
6593
6776
6777
6783
6792
6794
6815
6837
6868
6887
6906
6908
6912
6915
6923
6935
6939
6956
6962
6967
7009
7011
7022
4504
5433
6842
6865
6880
6890
6903
6936
6940
6949
6981
6993
7013
7064
7071
7073
7087
7093
7119
7127
7137
7142
7143
7148
7149
7150
7153
10207
6728
6817
6825
6889
7037
7072
7140
7156
7185
7209
7218
7268
7270
7272
7274
7275
7301
7303
7310
7317
7319
7324
7337
7338
7343
7353
7115
7181
7200
7221
7228
7238
7263
7293
7300
7305
7316
7374
7376
7386
7387
7395
7397
7407
7414
7426
7445
7447
7474
7475
7476
7482
7483
7700
5411
7039
7220
7359
7369
7370
7373
7380
7383
7399
7410
7412
7417
7423
7425
7453
7461
7462
7471
7478
7481
7496
7501
7502
7506
7508
10552
6350
6828
7052
7404
7494
7495
7505
7530
7541
7556
7560
7564
7596
7620
7624
7629
7645
7664
7672
7677
7687
7704
7710
7732
7743
7744
8624
9500
10503
4362
7309
7403
7516
7535
7574
7621
7626
7642
7643
7647
7649
7678
7684
7695
7715
7718
7727
7742
7755
7761
7793
7799
7806
8917
6951
7042
7194
7237
7518
7519
7613
7766
7797
7803
7809
7844
7848
7851
7853
7854
7856
7892
7895
7904
7925
7928
7932
7933
7940
7941
8311
8691
7712
7826
7863
7864
7894
7906
7907
7917
7952
7994
8001
8014
8019
8038
8039
8040
8057
8084
8088
8098
8126
8128
8134
8138
8144
8308
10140
6316
7741
7752
7979
8034
8076
8081
8105
8106
8112
8130
8155
8176
8177
8178
8182
8185
8209
8214
8241
8257
8278
8305
8314
8317
8156
8210
8263
8280
8285
8318
8320
8334
8359
8361
8364
8367
8382
8383
8399
8418
8445
8451
8485
8487
8498
8499
8501
8505
8508
8519
8527
9598
9612
9639
6542
7214
7974
8030
8150
8349
8354
8389
8393
8402
8438
8439
8450
8454
8459
8492
8502
8517
8520
8524
8540
8543
8570
8573
6685
7723
8015
8243
8533
8599
8603
8604
8608
8614
8623
8626
8631
8640
8647
8651
8654
8655
8702
8715
8720
8734
8737
8755
8763
8764
8767
6520
7000
8605
8630
8669
8690
8733
8740
8746
8747
8760
8773
8776
8780
8787
8817
8835
8837
8839
8840
8873
8907
8920
8930
8936
8961
8971
10191
4694
5305
8535
8687
8784
8818
8826
8828
8831
8874
8897
8922
8924
8931
8937
8939
9001
9007
9008
9020
9027
9052
9053
9059
9066
9078
8625
8979
9048
9058
9070
9102
9108
9117
9130
9131
9146
9157
9160
9177
9179
9184
9185
9187
9207
9225
9241
9271
9275
9277
9291
9305
9323
8867
9094
9113
9120
9128
9175
9176
9180
9216
9221
9223
9227
9239
9245
9255
9276
9342
9348
9357
9359
9375
9377
9399
9420
9425
9431
9437
10271
