# removed nodes — method=GNN_RL λ=20 seed=738194223
219
159
548
312
1991
4554
4547
2854
250
2466
892
474
1812
91
851
1837
6212
1749
1179
736
249
3216
174
1198
1245
2030
4859
169
3769
2885
564
112
55
974
1621
1492
1323
188
944
884
234
869
1202
652
68
1094
29
977
533
976
150
453
1251
141
120
147
6192
3464
98
16
1192
179
862
4613
4607
2855
3638
6052
556
1405
602
1571
1871
566
70
96
1383
126
4938
3799
1351
844
3064
1408
3407
1295
895
2072
1205
621
1697
124
1032
3425
1528
1240
137
3141
3418
166
1757
1821
979
116
2196
1800
873
633
2096
310
831
292
852
93
4365
1553
3715
3706
3721
3708
3732
555
1284
1358
1598
1331
2267
1524
1549
1004
3714
1936
1934
390
41
2038
4751
3868
5706
855
2080
131
2075
833
1013
5281
1254
721
701
2506
1243
577
289
684
888
1987
580
1307
190
127
618
241
66
1422
313
1361
1605
860
89
709
446
694
1049
2087
896
1142
1190
2
1604
2382
907
1150
1069
3523
4654
26
1336
4112
4380
149
2182
2624
626
171
245
3626
3636
798
2602
1684
769
4391
445
4417
1514
4124
4451
87
1379
6017
847
1335
260
947
592
266
1776
2005
2147
255
3497
713
2593
953
689
1550
1793
1795
1236
1055
28
1007
615
189
15
198
143
1551
191
2980
4121
763
655
1376
3704
3070
1644
2345
1273
4182
2551
3583
2507
2870
1785
734
4693
4526
4145
563
3231
438
3219
1212
2021
587
2758
535
518
1617
2713
4371
777
781
486
1695
1657
3801
1895
2938
1867
2036
2045
2229
4137
1714
3532
4184
4156
1274
293
981
2363
12
588
19
1255
2133
134
3712
3740
3724
3713
1981
1802
3717
809
783
369
4698
4248
393
1979
210
437
1947
3186
3720
90
3101
547
645
2969
607
2714
2782
1241
1324
4538
2459
1108
4583
439
1477
1058
670
2868
2845
2508
2838
1088
1730
4448
4446
2432
330
6643
937
109
2498
4816
2750
1545
5756
2689
2111
1808
418
2378
3038
3050
865
1224
2105
3766
1943
451
2892
1624
915
3230
7292
3170
628
540
1737
3887
1097
2815
4356
1519
1489
8459
4994
2820
4090
2812
5024
1380
257
6
2615
2346
863
856
3341
538
2930
846
2233
1223
2456
4118
4168
679
1542
2161
463
6205
7
1741
813
370
352
1820
4329
1964
1901
663
2094
3413
1754
475
2476
5935
2563
433
1810
39
5
698
1156
857
4035
1913
1965
5787
5076
2796
44
238
1025
7188
725
122
2589
6214
624
1670
758
2577
4656
4013
911
2491
2084
56
1529
543
1028
3167
2966
2993
954
1385
2335
3015
5264
1242
58
4339
4882
156
2415
4262
1945
610
3680
924
211
3323
288
2554
1107
254
1956
8960
2785
477
1290
2217
4937
1496
1515
2471
2468
1310
2366
1203
1200
1281
1180
1207
4193
2290
4536
4563
4561
4556
4562
1535
3242
1120
536
2943
4756
1766
1353
1889
4254
6493
420
1040
2247
2109
1585
3574
2550
3914
6430
2753
2354
4269
227
5751
6250
6251
152
875
4734
199
6428
4225
1799
3631
3658
2394
1629
31
1350
488
562
744
5327
2485
3823
4527
9499
2503
642
770
1579
1338
513
2559
2434
724
4927
1149
3906
223
1897
574
1944
637
3796
3788
801
6197
5513
2155
3496
470
479
8840
6668
1479
1511
1992
1293
1933
4441
6707
2568
3943
604
739
2523
5980
774
9067
5843
2143
2056
1941
5924
498
779
4958
7120
7186
1039
162
1980
311
1080
3578
2130
826
3218
212
4141
1925
4585
204
1136
1105
6649
4555
1296
4575
2521
799
1079
1124
2680
3897
4812
2490
2747
2751
2774
1034
4166
5786
3105
2606
2699
1311
787
1
45
552
2743
1337
1803
183
3027
3423
4798
403
786
2702
4439
4062
1634
160
2317
3274
7891
7896
7466
802
1783
82
1160
4914
27
4971
4936
1543
1599
1554
154
3548
817
511
791
384
885
207
3473
302
494
870
811
491
6019
5292
244
755
1432
1854
5239
6514
6507
2136
123
1626
436
2537
2874
3180
877
7719
1567
7726
988
3488
2939
2985
3
1169
1431
1603
3305
3159
3142
6980
3172
3470
5229
500
267
804
2866
1014
338
1008
3000
3460
2740
2945
1989
537
1557
270
5884
206
1011
956
1085
1035
57
213
2352
153
640
2801
6947
1300
6134
7079
1354
1581
3687
3641
4244
5640
516
3232
840
2040
644
1272
2825
728
1518
2709
4387
1065
2965
449
2388
4374
3145
4093
595
2617
421
1683
3730
646
1540
3673
1746
1768
2497
1608
691
1020
4601
4259
315
692
1632
4560
6136
2802
867
3748
3718
5153
1832
3215
3399
2068
1958
6360
565
4752
180
2039
277
46
273
3257
4038
6369
2368
461
699
1427
1548
1102
625
5066
2389
1235
600
307
1452
2383
3035
2987
2492
1117
2067
2234
2436
1739
2334
192
4251
1902
1289
1154
4336
4548
3825
2534
125
121
2858
282
883
2228
1191
1595
2232
2531
2853
3025
1631
148
1753
2620
11
1016
7570
4897
667
2721
893
4761
2256
1036
4255
1415
5271
3040
261
1130
1082
972
2384
3984
258
597
4651
3461
4347
1447
2501
3282
3278
806
6047
2208
2888
2205
756
2928
1111
2835
1686
4705
4022
485
317
1359
304
4794
4981
2530
935
6775
3928
3650
4129
4686
3678
1850
4790
464
1410
1229
53
1937
5402
5092
2348
1828
314
2308
5997
2007
5050
2742
1394
1268
6424
1389
1636
276
336
2422
1414
229
1791
1135
1751
3169
3671
3753
5061
3728
5345
3735
630
1544
2219
1501
593
4242
4250
4103
4252
4274
4272
251
1493
215
1777
1367
233
7835
635
3223
3968
1189
553
5562
559
1731
22
9560
7564
2926
1265
6066
900
318
342
519
584
990
2090
3725
3765
136
195
1074
2968
4796
1449
3979
5637
4710
1299
333
197
2288
796
4871
60
1470
5005
10176
1066
5394
6841
1109
4139
5007
5265
1909
1982
1166
2099
960
2102
1371
3174
6539
4056
1443
3844
1132
1577
7259
9559
4409
196
2374
5270
1727
7086
6624
3723
510
4700
2715
726
287
5335
1755
309
1227
608
2042
5413
5400
240
1721
1874
2402
3665
3630
1157
5300
4648
1970
459
800
4142
2327
3840
7592
4076
3437
2393
2416
271
2880
2472
1419
1852
3459
5506
6031
6034
2157
764
1002
497
509
2755
6386
737
3559
7127
848
328
3875
320
1418
5102
3690
1504
1488
2799
7100
7041
6090
2397
6814
1303
4061
4095
695
665
3256
3249
546
1218
808
367
231
4334
524
399
1213
264
4649
1033
1594
2279
3653
78
6594
392
6027
3776
5833
2043
1652
321
674
385
294
3166
5168
5113
3702
4216
5118
8079
3083
1995
114
678
490
747
2170
2274
6496
1939
85
6072
448
512
4120
5008
554
4544
3923
484
2316
1900
7021
3005
3412
966
1735
1725
5887
3266
1760
4404
5081
1873
1645
6155
3081
550
2479
2239
1876
1153
3944
1661
3324
3322
3295
1000
6412
853
4229
7614
4169
882
760
1814
3643
4333
2333
2329
955
2643
4094
3624
3445
2787
7206
3627
1830
3655
2676
3974
6516
2954
1503
8839
2095
1499
4117
4273
6792
4952
6893
2514
3307
3296
3283
2444
452
2883
5151
1733
7729
5697
8398
2778
3132
613
866
2760
3884
6861
3490
1778
6467
3838
741
480
6700
3670
2194
7411
1424
711
77
622
2991
1146
2833
2442
3592
2745
8553
3124
48
5131
243
1391
7675
202
201
2765
2988
224
2962
230
1252
2973
727
6534
1390
832
7203
208
4777
496
1709
1110
232
102
3010
1575
3467
6371
4929
4803
4691
825
1806
843
1843
1402
2435
1053
7163
2000
4865
1891
161
24
222
1816
1910
173
861
1072
4834
7191
7223
1326
3192
6414
499
220
926
237
221
7440
7815
1573
1593
1993
205
927
84
641
658
5417
1291
284
5383
1960
1259
2145
2026
3993
2206
1451
723
7217
5621
2419
682
2927
7894
1804
5217
3279
1445
2823
296
5224
780
8098
300
1711
2562
1409
4572
341
6001
7023
5395
7211
7204
2528
1845
2408
1455
1459
3313
7767
2029
4727
2011
1761
1497
3328
2098
281
2673
3822
1462
2696
3472
1805
704
2275
2628
1851
3562
534
2947
4753
5733
262
1399
1436
103
3345
687
386
21
489
2315
3711
8765
7608
1613
671
1239
2614
3527
816
5295
805
5301
571
1395
3023
943
73
2171
1400
6801
1233
7291
2610
4332
1426
5769
526
898
308
918
3316
214
1098
259
3250
541
980
306
5209
263
515
6065
1084
4014
4652
4147
4838
1248
3560
4509
4065
528
1005
8260
2856
2320
246
301
506
1384
8037
1095
940
2818
3118
3292
3300
6651
4467
6130
2807
4412
2020
2626
4239
2135
1225
1693
1712
4524
3761
7207
5195
2843
7222
447
456
1700
794
8426
561
3477
8740
1287
1582
1671
4401
525
782
2285
2287
6745
1587
1676
3659
6704
65
355
3149
4959
4552
4611
4484
3321
334
776
2060
3793
5359
3731
4482
1688
3843
5037
6189
505
1668
5230
3162
104
3253
4359
1425
611
6881
686
654
5414
460
5427
9143
6098
1841
3262
4304
1838
4642
3130
8109
735
4592
4553
4171
7069
4571
5592
1968
170
3140
793
2734
9508
1792
2166
3482
4604
3537
1113
2674
2081
3969
939
3962
1115
6076
3308
3148
1258
681
1623
2245
3258
167
5768
5434
902
3557
5203
797
4701
7522
3561
1663
5302
4438
738
1075
2836
3575
178
4208
7256
5648
9108
2775
1999
8138
733
3325
5235
3978
1572
7427
376
938
2079
2691
462
117
9903
5628
9146
2824
4072
5961
2440
930
1050
703
1625
2995
5018
2399
2332
1054
7595
3524
6779
7851
1309
1954
3582
706
5080
3585
1222
2560
5598
1060
2292
7164
5017
5091
1147
4810
7804
6937
115
3182
5004
7240
720
3701
1763
2107
6616
1330
2473
7953
3752
1001
1870
2515
1339
387
209
5820
3164
1923
395
2737
3503
100
2675
1962
4577
1957
7177
5274
20
7916
2093
1264
1341
7491
4190
968
4602
7070
4542
6321
409
7181
5614
396
425
354
366
5500
2679
1562
1313
182
7446
4770
4487
742
4317
3734
3722
4413
7536
407
7168
8940
3030
1172
4771
8066
1476
8309
1342
1294
37
2826
1468
1857
6171
113
5053
5063
8082
8287
2941
619
664
2002
1161
6222
1138
1938
1887
7940
6639
1298
3165
2749
481
1029
5834
5835
719
4658
1758
854
1961
3211
88
3510
7679
2414
5850
7524
7322
7542
4158
4140
3925
9948
6515
7676
4503
8262
8042
8263
2350
1537
1839
3526
1411
1185
52
7955
2070
4525
6942
51
2404
1752
788
7448
2695
743
1826
3201
614
2144
7179
4998
948
2570
8335
3836
3854
2304
4021
1643
2106
501
4842
876
2872
3093
1533
4003
2146
181
3841
5212
1767
1864
4573
6382
4192
6570
4609
32
1935
1421
2488
5210
6511
6518
5221
4247
465
549
1126
4018
5160
4256
4108
7197
5100
2387
1188
1959
7208
7229
2446
2168
4106
6289
4797
5793
928
3190
1266
1125
4789
2769
4379
838
2076
5346
5683
1827
504
5306
4699
1705
8685
3493
1510
9665
1555
2683
2669
2697
9843
1502
10011
2813
2728
1194
2179
49
828
72
4578
2805
3606
1620
932
8086
6931
290
985
906
1963
6375
6373
1570
1666
4695
5042
5049
3745
6020
850
1271
2451
5514
5432
5407
3492
128
3916
1017
2808
3783
1911
983
5095
4226
7249
7253
1103
8
1076
836
3349
2474
7189
9584
3791
818
821
5342
946
5937
914
910
119
18
9266
138
6621
6623
2295
4817
6403
7348
2677
7214
3991
4217
631
890
2027
1966
253
3521
5022
2578
3350
5782
3703
8163
8465
3294
3320
2940
5556
750
6873
8902
5269
6234
5481
5606
7099
5619
379
472
934
10653
1719
3833
50
4079
3189
5859
467
523
2916
455
1122
5702
371
5618
632
5739
3255
383
868
6448
3512
5632
4113
4725
4034
4416
5014
6819
3862
5010
1464
5021
3554
3298
187
2035
8133
2881
1234
2654
3267
3759
4271
1927
2592
2572
2579
2583
5983
8642
3635
5973
5974
4246
4174
4559
4122
4558
6182
3175
5392
406
408
8118
4450
6082
1580
6826
2547
1127
6831
6277
1483
2884
5150
2869
5166
5157
5691
6629
10722
1878
2604
2131
7821
10215
3007
2553
957
3052
172
2163
457
5964
2301
5278
6728
8684
759
636
186
440
81
2703
10968
4080
1145
2183
4388
4411
2784
6311
5077
478
1176
3733
1134
2212
573
1089
1723
4235
2121
1616
1718
1556
1484
1204
3205
989
4653
4750
2004
1654
688
6208
539
2062
6226
586
697
3965
3356
217
2754
2544
1366
8676
3462
731
3860
3649
3647
1144
3628
3634
4511
5013
1521
1883
659
3768
2364
2048
97
2218
454
579
6607
4175
2997
3888
1121
3902
1083
1282
748
1170
1835
5923
3651
5783
7828
4680
2201
4735
984
3675
458
6701
5845
1917
1817
2313
9144
2289
6810
5931
3310
3259
3293
6705
4353
3299
1648
4048
3245
5863
7704
5858
827
5289
5196
7289
6372
7488
3770
2319
7409
7612
4165
922
34
1508
3388
4181
4136
1523
3247
5586
4283
5472
3749
3747
6010
5689
4044
9761
5485
4027
3391
617
1527
1062
975
542
2576
6232
9679
9334
2665
1619
3945
1364
3755
335
6492
5202
9537
9949
3525
8363
4960
3281
9932
9242
3652
9048
4647
2425
2367
2349
2984
3568
427
4518
987
1114
6916
7960
8207
5561
265
2189
2152
6911
6738
1635
2326
2282
2457
2392
3355
2351
1628
5136
450
4743
3707
1322
2328
1453
7499
3043
891
945
6703
1618
1448
144
2970
2023
8897
5094
2532
6798
2413
1485
1466
1463
6758
2431
1576
5766
3891
10024
10462
3645
3924
2546
3885
3905
3625
6051
2865
581
3756
7952
1509
599
394
422
2016
3767
3959
3957
1457
3534
6584
86
6298
6030
2019
2058
5674
1729
1722
2910
1182
2518
1607
2361
1656
4854
3269
6593
5444
7218
7356
3251
4454
4459
6793
2377
101
2539
3667
569
3045
2138
2160
5906
1602
2119
7715
1275
3901
107
3895
1077
7263
2803
1932
4327
3686
2821
4101
2817
1260
4007
466
4300
5642
8965
1905
8550
7171
7165
38
5223
2283
1332
1539
3329
3248
2150
5699
8331
1101
964
247
1023
2359
9512
3244
6979
69
2591
2148
3346
6073
2338
2759
2781
2424
1315
2477
1429
6089
2297
4159
1660
1781
3246
2054
4346
434
1071
2376
5242
6694
2739
482
5585
1930
469
4203
200
1759
360
2761
2294
3254
4045
4073
5738
1928
3377
2264
3297
3264
495
503
2286
8737
1442
1461
6765
6273
3772
1728
8552
1022
594
1953
3380
929
2552
2767
6858
5667
4621
1152
2907
7717
7068
8402
1257
5826
2342
4474
4469
6195
4123
3890
1438
10187
2904
9634
4155
6274
6275
7956
6820
9466
9208
6473
6270
6217
1742
4828
2009
2008
4655
2142
1474
7981
1440
3139
6145
7667
3666
4389
7669
2486
1302
6154
8447
2083
2707
3787
3780
4476
4468
967
871
3235
6288
5253
5248
4131
520
130
5431
2140
8131
4311
2771
9478
6640
2895
303
6642
4606
8832
1434
6429
3815
6245
2178
1921
2003
1333
319
443
672
3956
2057
4447
4521
653
4238
4463
2022
400
5190
346
2052
3302
3327
8878
3080
5165
3927
337
4922
9162
5595
4540
4537
4377
1356
1348
1320
5789
2863
7352
5986
7174
2567
7489
4172
7857
4462
9016
3315
9291
4688
2400
903
1748
3018
6203
1546
7897
650
2117
7580
2438
2421
2447
1786
6784
2730
2720
1403
1433
2452
2118
377
3455
1482
3229
1063
2994
1486
3452
3741
5623
5602
8330
347
2800
3758
6268
970
2013
651
568
661
1446
2770
3289
1406
2908
1051
1823
913
917
1685
2891
5849
5107
3400
75
1288
2401
62
1329
1772
823
5275
4707
4704
8959
4016
1525
1167
999
8640
778
10655
1875
5477
7622
10596
5388
1305
2033
8646
3657
1237
1276
1228
2481
3068
1398
1360
5044
4408
3929
2806
7092
1230
8576
95
340
397
6358
1558
2647
1413
5764
5771
295
7105
10324
8669
9153
3995
2536
2847
3304
2302
9583
3072
5060
5054
5522
7389
3577
6723
8268
2616
6604
4579
5588
4164
7925
3814
9349
2014
3193
3203
3920
1881
5919
6590
6589
1522
1450
1495
63
2151
1764
3689
3750
3938
3401
3967
2069
3955
67
3983
7690
7683
4382
7137
9419
3989
3173
5086
3183
1880
2574
3454
3987
3529
3447
6773
3451
8256
7571
7572
7917
2958
7686
775
3131
8776
8764
8779
6237
10092
3137
10205
8087
8106
2409
5029
2864
4240
3498
2597
9
5945
5943
5950
4533
380
8254
8741
4787
7195
5944
2499
2169
4863
1797
3480
7062
841
1612
1316
5033
3019
3236
6391
3084
3950
3549
7367
5696
9224
9228
1148
2443
2428
3420
3094
3709
4490
6986
411
410
6393
4618
7161
9281
4
25
71
3803
3738
1531
2483
6400
10472
7384
7725
7716
7082
110
2175
4881
2972
4660
7254
3598
3535
5031
8364
1784
1744
690
1775
1782
2522
193
2911
5528
6028
649
5558
5555
1942
591
551
2198
3567
1526
1193
3092
1325
7239
2470
1536
3899
4400
3719
5057
6869
2596
3846
6804
6101
3109
2162
5380
10609
916
5526
5336
8070
1844
936
4419
993
4310
6407
1220
2158
1893
4135
4132
4170
2569
2496
8667
7198
6853
10336
4786
5135
5138
5409
3318
5236
2733
6500
2732
6502
6582
6989
8514
2723
8513
2082
6292
6286
2725
5231
5218
9339
8515
6975
6326
2684
2672
2306
5043
5693
59
3794
4432
4420
2708
7135
4185
4422
2449
2365
1091
2837
3818
297
6811
1745
2305
9032
4270
4245
4278
4285
6435
2686
2687
2214
639
3067
1416
2227
3066
6307
2678
2670
5255
2717
7136
6437
6549
343
331
4955
4957
1387
5355
3782
3797
5055
6023
5925
6112
3119
5985
2177
1538
5928
9241
7563
9524
1888
7531
570
532
2300
6550
6441
4886
6053
5068
5357
4708
3786
1710
6282
4464
6198
10163
10385
7131
7122
6050
6946
3642
7130
702
4348
2061
5747
3428
6379
4445
2373
6261
3618
3220
4267
7663
4265
1308
3013
4499
7436
4574
4582
6160
7784
8431
7930
3125
7818
4134
4162
7814
378
657
6850
1796
1903
905
4764
3499
3476
4906
2557
2073
1392
2137
4757
2355
7010
1021
5045
3912
3710
3921
3757
3779
8507
2465
4426
2599
1704
1061
1678
5284
2861
4418
40
3826
1343
135
47
2322
673
675
5330
605
1929
5277
4702
4295
5921
1687
7756
5298
5549
5257
7298
3681
5795
5790
5791
4110
5542
4665
7144
4154
299
248
218
1809
959
274
1858
2050
6055
5779
6067
1614
5508
5484
5760
4979
7601
2357
6857
6083
8752
3301
7319
8290
6081
8286
9015
2312
2403
3004
8161
1304
2418
2461
3021
2114
3031
1790
3017
5482
2786
3893
3204
909
4442
10338
10955
8269
8266
5272
7751
3810
5496
7749
5479
5495
9365
7752
7805
6161
6961
5490
8533
1717
5507
7382
7723
5503
4733
7778
6259
4323
9526
5439
6077
6855
9447
6144
10763
6990
4437
5938
9547
111
7308
10911
76
4664
8149
7870
9293
9042
5132
3954
8479
7420
5770
4330
8873
6392
2859
2310
6995
10917
8860
5393
5994
6846
3976
7837
2829
5824
3586
5903
10946
9706
9124
10458
7124
7834
8861
1842
5425
3637
1773
10960
9294
5207
5988
3569
10021
10422
139
6339
5035
2325
6612
4497
6901
7617
5908
3619
3519
8184
6481
5464
3881
2982
2120
5984
8171
8172
4230
4678
10831
10854
3091
6138
10117
5430
2512
6929
3980
7782
8374
10978
6564
4792
10373
9125
6782
9021
1019
5410
9414
6840
8636
4528
10797
3024
8193
5339
9403
6920
6405
4986
2298
5421
6809
6842
9324
3861
3865
8492
7417
10213
7046
6993
6397
5424
6099
9099
6088
6093
9323
10770
9742
10297
7559
10512
5428
