# removed nodes — method=Katz λ=20 τ=2.0 seed=623415497
300
104
8
58
233
429
313
388
286
446
166
307
3
457
19
849
13
537
423
5
483
55
735
320
452
545
627
69
59
455
66
311
865
227
65
230
74
158
374
276
692
298
829
647
47
236
532
665
11
404
285
594
681
375
6
293
538
715
168
771
555
156
10
306
539
938
89
427
165
145
105
461
469
433
110
386
435
523
376
418
596
764
624
392
29
387
560
448
622
175
235
453
857
911
513
909
628
20
879
847
279
380
103
586
229
316
121
240
102
1
445
526
328
114
744
93
548
395
329
53
598
124
186
63
95
391
181
284
488
228
424
76
174
148
572
402
679
