# removed nodes — method=TD λ=20 τ=2.0 seed=623415497
104
300
8
58
233
427
313
166
285
316
10
292
298
391
293
385
102
376
404
554
6
30
7
535
416
764
399
2
5
16
837
9
64
11
686
742
415
14
66
15
59
19
24
47
232
49
457
53
29
50
56
61
62
63
540
55
628
69
67
71
586
672
331
108
237
447
138
140
18
105
178
158
394
111
555
167
618
168
146
173
174
179
378
458
473
82
518
182
181
207
185
186
184
226
209
222
693
224
227
229
147
235
143
240
245
257
243
259
110
284
286
288
375
730
248
276
225
228
142
171
269
279
318
320
368
424
321
322
301
319
323
369
306
317
328
333
680
330
453
234
622
373
421
380
386
388
370
390
393
395
400
402
455
267
413
417
287
405
426
429
408
446
448
461
456
466
469
486
483
487
490
492
505
512
513
521
516
522
523
525
556
557
536
541
465
558
560
562
564
584
638
581
597
602
600
612
