# final target nodes — method=Katz λ=20 seed=623415497
2561
2049
1543
1031
1545
10
1041
33
1533
1573
2088
1066
2608
2619
1084
574
2631
2632
73
2640
599
1112
1625
91
1628
1119
1633
615
2157
1645
624
116
631
2168
2184
1673
1168
2194
146
2201
160
2727
169
1708
2221
1202
694
185
187
194
2755
2245
713
1227
1233
1752
1756
1759
2784
2274
1765
1265
1778
2803
2807
765
1790
2816
2305
2818
2820
2309
1797
1796
1288
1802
778
2832
1299
791
1306
2842
798
287
2848
2849
1317
2858
2348
1839
817
2871
2362
836
331
2381
846
2386
1877
1880
354
1383
1384
361
871
1388
367
1908
1915
2427
1919
1409
1922
2437
1929
1418
399
1943
2457
1435
2459
1436
419
1957
934
2478
947
1973
1982
958
1472
2497
453
2503
460
1996
1489
470
2518
1502
2527
2015
491
2035
509
