# final target nodes — method=TIA λ=20 seed=623415497
512
1537
2568
2058
511
524
2061
2064
1563
1567
40
1066
1067
1583
2096
49
568
2106
1083
2556
2107
1604
1605
1096
585
76
1111
1112
604
1630
102
1129
2154
1134
631
2682
1661
1663
2691
1668
145
1683
1172
2200
162
170
1198
2226
1204
1719
185
1210
2235
187
191
1732
709
708
715
1229
1232
2769
720
2258
1750
2268
1248
1251
1765
2280
755
1268
757
758
756
759
1273
2809
2302
770
775
2317
2320
2322
788
802
305
1841
1331
1845
2358
1334
1340
1863
2891
337
2386
1876
2903
2391
345
349
2398
2406
2407
2408
1897
366
1905
1395
2426
1917
1918
2431
1919
905
2451
2458
933
1450
1966
434
1976
443
444
957
453
968
456
460
973
470
984
2523
1500
989
1505
483
1510
1512
1005
498
1526
508
1023
