# final target nodes — method=GNN_RL λ=20 seed=623415497
0
1026
1541
518
519
2568
2056
2572
1037
2576
2066
2070
2583
534
2080
546
2596
1061
2088
1579
2608
2097
2098
1075
1079
570
2626
1092
1094
2136
1115
1629
1119
2655
1128
1649
1139
1141
1658
124
2686
2175
643
1160
138
661
2200
665
2202
1688
153
671
160
2722
165
677
178
2740
2748
1214
194
1731
713
1234
1747
2260
213
1750
2771
1752
732
1757
1760
1761
229
1254
2279
1770
2285
1778
244
2806
1270
1784
2825
779
268
2827
2319
1296
1813
791
1305
2845
2334
1309
797
2335
2345
1838
2352
2872
2878
2880
2370
2371
1864
2376
2384
2385
851
1364
1365
854
2391
348
349
1376
357
1898
1388
876
2420
1911
1414
1437
1962
427
1971
952
1984
1989
1484
462
981
1499
994
488
2537
2538
2024
1007
1008
2046
511
