# final target nodes — method=TD λ=20 seed=623415497
1028
1031
2057
2067
2072
2585
2586
1566
1055
1064
2089
1069
2608
1075
2105
2618
1082
1603
1092
2628
1607
1096
77
80
89
2655
2145
1126
107
1644
1131
2676
2165
1141
124
637
1154
1166
2191
2706
1682
1172
1693
2210
2723
2734
2225
1716
182
1719
2234
2240
708
1732
1227
1744
1237
727
1753
1242
2779
733
1763
2792
746
2796
1775
2803
2807
1783
1787
252
2302
2814
2816
2817
2818
776
2315
2831
1810
1811
1299
1301
1302
791
2327
1815
2842
2843
2841
285
1817
2338
1316
1317
1830
1837
2863
1839
2362
1854
837
840
335
1877
2391
856
857
2394
1882
1368
1888
866
2404
2419
2420
1399
889
1917
2432
1408
1929
1931
1430
1943
1433
922
921
2461
424
1965
942
1976
964
984
1500
2525
2527
999
2026
2538
2541
1528
510
