# Invasive species (aviation) -- initial contaminated shipment airports
# total=145, network_nodes=2905, ratio=0.0499
2583
690
1767
1201
2152
87
74
1444
637
2118
2630
277
2346
2188
2051
1994
2381
1840
2382
958
2517
1436
2407
2808
1348
1521
1500
1293
2298
234
2774
1661
2248
1837
897
2398
389
2256
1599
2000
2292
1455
386
769
921
1427
2595
950
73
1755
2077
523
2410
2763
2280
917
996
1381
1039
729
1307
1732
2352
2805
1813
1581
2721
952
2430
2902
1841
1224
243
2903
1115
1330
2296
2458
2620
2332
381
948
2098
944
1291
2362
534
2043
1308
2768
2821
2691
2527
2608
826
2582
1759
909
138
1662
2682
2025
1045
246
271
1064
2237
2467
2258
803
1757
2329
2863
1414
2240
1683
743
2440
2294
2136
2891
2686
726
870
1753
775
1058
2403
2576
1136
842
184
1128
1117
2536
251
2173
1329
1094
305
248
749
1872
1251
2100
