# removed nodes — method=TD λ=20 seed=623415497
136
175
258
410
1486
259
313
52
64
307
622
13
14
58
68
266
56
133
50
236
267
55
66
217
219
222
224
238
365
137
296
290
411
237
327
377
54
450
378
216
220
292
131
372
404
480
44
51
359
306
57
311
342
11
257
496
134
132
63
322
447
485
533
61
82
295
472
487
504
528
620
240
429
288
330
1531
60
221
329
62
223
363
481
502
619
807
242
261
265
428
648
379
214
340
396
1539
1562
65
772
431
454
226
264
476
494
218
526
522
527
17
67
471
529
532
1535
121
540
558
805
806
1534
1565
771
1205
1549
373
315
627
177
405
451
799
1551
1536
1538
1736
125
232
433
443
341
15
90
312
375
445
926
366
1518
1712
53
239
323
324
670
597
430
497
1032
1161
1162
321
521
592
782
1530
1709
291
409
448
551
565
808
919
1440
300
507
1244
1517
16
112
603
500
553
1231
505
542
555
606
490
621
473
503
608
1537
1568
623
12
364
467
629
1553
1558
1738
129
625
628
1727
69
455
593
176
594
2303
2389
78
185
800
1714
456
466
501
616
1222
595
1188
2068
215
241
508
543
230
1405
1670
308
1532
1557
1672
609
169
376
580
1163
1189
1221
166
227
289
299
394
635
715
325
682
1106
1280
1383
1546
1550
477
320
442
653
780
821
1409
750
1391
1533
1554
1556
1561
1669
109
256
374
452
2347
34
158
319
552
918
18
235
287
314
647
76
172
192
231
309
361
710
310
318
434
457
486
531
367
149
293
368
436
444
547
73
233
469
564
598
766
796
45
75
246
316
339
611
613
1274
1707
458
499
601
602
662
802
804
832
916
1030
1105
1272
390
403
407
415
707
765
809
482
624
655
861
1087
1367
1392
43
389
612
931
1040
1146
1286
1341
1366
1559
1560
1642
1722
1723
294
617
859
1529
1548
1700
1729
392
1941
2104
2430
2467
2542
2543
92
709
795
1434
1747
2162
2454
618
744
1412
2428
2442
2654
2674
144
1285
1404
2038
33
36
42
2799
35
79
81
83
87
88
46
104
108
111
130
156
163
114
123
146
181
200
243
254
525
591
234
247
249
260
276
209
274
280
281
283
370
391
262
263
304
371
432
441
459
649
1797
326
395
460
463
474
803
1938
2599
468
475
479
513
498
520
523
537
550
556
570
1089
439
446
536
538
563
569
567
571
581
590
605
626
631
554
573
633
656
666
669
698
675
696
700
706
728
737
738
1574
705
712
792
823
828
834
763
789
793
831
905
906
907
974
892
920
923
927
933
934
936
937
941
956
961
965
979
935
978
1013
1027
1029
1038
1045
1021
1035
1046
1049
1051
1052
1053
1050
1054
1074
1084
1085
1130
1149
1036
1153
1155
1156
1182
1186
1197
1183
1228
1229
1246
1293
1296
1297
1451
1247
1248
1287
1295
1298
1318
1330
1342
1351
1352
1353
1354
1355
1332
1369
1375
1380
1381
1382
1398
1377
1378
1393
1397
1400
1410
1415
1432
1436
1438
1446
1450
1456
1483
1394
1475
1491
1494
1508
1523
1525
1524
1547
1572
