# removed nodes — method=TIA λ=20 seed=623415497
58
64
57
258
222
307
217
330
296
1669
555
1
240
553
1105
17
226
373
12
136
313
378
2402
53
314
2389
231
619
1434
1332
62
242
1559
60
322
396
594
1188
485
1508
218
364
1440
405
15
18
620
14
926
259
267
1538
1486
1221
308
2483
342
622
409
52
215
2404
490
1032
609
612
606
1341
410
618
1405
617
112
341
363
391
90
1410
629
312
1531
919
398
821
311
1161
82
69
133
137
50
175
176
2104
65
163
230
1393
237
595
1285
1670
823
87
1222
306
601
459
216
445
906
56
340
2559
1561
807
1979
13
1280
1560
1571
765
1084
300
2484
1546
593
236
2303
2347
319
1553
608
295
44
55
598
1547
564
54
321
415
16
528
121
662
772
377
611
1569
592
264
1517
134
486
602
613
125
310
1642
1163
1736
374
256
1745
309
1087
1804
11
131
916
542
239
2533
1543
603
591
104
1162
1707
1231
323
597
68
221
799
365
571
1089
132
1205
238
394
540
359
404
315
1709
1165
1723
83
129
1182
1714
360
1530
1557
1572
355
450
219
379
502
290
457
504
292
1574
551
447
241
764
45
558
288
36
429
232
293
361
376
266
375
487
552
610
795
808
63
428
220
358
372
454
455
297
72
1189
1336
329
503
1558
177
771
480
482
2145
109
653
98
1451
501
507
2079
235
1870
625
805
657
291
1344
1392
1415
632
78
164
1409
917
2037
517
1830
66
169
34
1085
127
1943
233
316
1610
325
458
51
1588
214
1050
1209
224
2428
494
1046
521
301
61
599
117
2440
149
628
670
935
448
451
712
500
67
1244
261
573
2433
1247
1286
260
766
327
1412
497
1272
547
431
1712
803
318
615
648
682
1565
2599
565
320
324
85
616
257
2442
567
339
651
910
956
472
439
469
326
1146
1518
496
993
265
294
667
411
934
481
2467
1545
543
800
289
554
1854
227
526
527
1896
2410
2220
442
1738
649
908
1475
2758
367
114
780
473
1549
532
647
433
467
1536
1552
1404
1524
1525
760
1534
2088
533
675
569
2654
1539
2564
937
624
463
633
902
520
1672
436
479
130
1288
655
1275
1556
575
75
522
2063
151
550
806
468
223
505
644
525
531
535
1535
509
1839
563
2230
1593
1722
621
1532
1548
2455
166
810
1330
141
656
666
548
