# removed nodes — method=Katz λ=20 seed=623415497
410
258
136
175
1486
259
620
52
64
58
307
222
13
622
56
68
133
66
217
224
267
365
219
55
290
216
296
372
266
238
292
44
134
240
619
404
50
377
306
14
220
480
236
137
378
54
57
295
450
11
373
132
63
131
379
496
237
411
528
311
485
177
594
257
17
772
342
771
807
65
447
597
61
359
330
67
428
805
363
799
1539
327
553
1032
62
533
806
476
1562
51
494
242
454
261
112
1536
226
472
264
288
503
1558
82
501
60
375
540
444
1531
376
396
15
429
321
445
1549
487
218
592
265
12
780
1538
232
2442
500
1405
214
1163
504
329
1736
223
409
405
1161
1553
256
166
1535
502
341
431
627
595
430
1565
322
294
526
507
1554
221
606
551
621
926
315
451
239
655
1745
340
1162
648
629
527
313
522
468
374
662
358
1552
1205
364
529
482
603
532
543
1707
1551
1568
309
1561
319
324
291
90
442
1221
481
1532
477
366
593
623
1188
473
590
1105
230
1146
289
635
121
467
556
1556
1244
1518
316
1440
1642
117
670
1537
1546
2462
2523
314
1714
2541
573
1410
505
782
1392
564
1483
130
260
1743
632
618
129
1975
308
609
176
612
531
443
320
1804
598
1559
127
16
720
741
1341
1557
1272
455
459
2347
1182
2410
2475
53
1572
1020
215
608
628
555
1106
1574
83
1909
85
781
547
1231
808
1089
2432
310
1571
1534
1415
231
1460
1508
613
611
2428
542
1700
1709
919
823
391
521
125
709
1432
1433
906
312
109
625
1685
1434
2060
2433
235
398
2389
579
241
2559
657
558
2479
1907
1563
1512
69
1560
209
18
589
803
1494
483
1247
300
565
1087
149
1222
2458
1517
486
1548
861
903
1285
2839
915
452
550
1937
601
1275
448
1185
916
647
2440
155
233
2295
78
1286
921
2310
2047
1035
2226
2815
432
905
754
923
673
1500
1248
471
498
1748
456
1917
1273
1944
144
325
2804
1747
2406
1670
389
682
463
433
644
602
828
2042
1672
360
1701
552
1547
1083
1
87
390
279
72
164
1803
907
508
2845
2844
2846
908
809
1570
1941
513
457
614
837
617
2614
227
914
708
796
766
1046
414
1438
1800
2294
1712
847
821
490
1454
1692
1411
1696
497
1703
2484
1029
639
198
2617
392
933
339
935
1280
1067
961
1870
1699
2039
656
2196
2704
1830
1412
2467
1026
829
2059
1682
2415
1809
1680
710
538
2104
278
281
2251
1669
202
171
2054
2488
610
1277
75
2303
2100
204
2125
2430
355
1189
2543
1611
394
103
2560
1569
1203
2043
1524
910
616
2500
180
439
2403
34
2165
35
41
2169
6
728
1423
1593
3
795
2438
956
1382
96
59
464
2404
407
1755
1343
2246
918
1073
38
93
1375
1475
902
1229
370
2394
2335
2799
2156
2229
1881
580
323
2483
802
2265
2172
653
403
163
2599
1393
1085
356
