# removed nodes — method=GNN_RL λ=20 seed=623415497
64
242
410
342
365
56
504
67
217
58
52
66
307
372
63
481
706
220
772
55
57
222
61
238
329
292
404
258
214
330
555
176
257
1979
267
430
648
54
445
405
224
377
431
429
68
670
290
451
137
1532
1538
662
553
480
379
1535
374
306
166
507
131
125
780
216
502
51
526
533
509
558
289
327
240
341
373
612
476
236
432
219
528
1531
266
378
699
467
527
494
428
375
311
234
315
69
621
592
411
134
223
132
133
261
50
13
454
613
1411
1539
1549
619
259
496
861
540
296
17
1554
1244
799
2442
396
597
177
635
14
771
358
1265
44
543
218
2068
60
1558
627
1803
312
12
409
237
1207
522
227
359
175
65
1206
2428
487
807
450
551
1536
472
316
364
363
195
313
622
594
340
1504
112
295
434
221
1222
1552
675
62
1537
1517
1105
473
630
614
1162
129
1416
628
806
82
230
11
226
300
656
710
1937
299
215
1205
1221
1032
620
1163
2039
1161
1405
321
1745
1475
447
532
503
1332
1486
610
1963
1440
239
926
805
782
500
308
912
609
90
906
497
1830
288
1
1669
2651
1341
593
801
18
1557
1551
595
322
1736
1356
1508
513
2654
1209
564
1046
45
85
433
479
547
53
309
453
1712
72
46
618
617
360
356
78
136
121
623
2265
1670
505
485
167
256
1343
1390
458
905
542
2176
521
565
916
1533
1082
993
569
241
486
1707
324
1277
917
709
935
1030
169
948
192
1562
1534
1550
1383
1543
1583
1570
598
1146
76
606
632
1975
1185
1285
117
1501
1797
762
1553
2303
1565
1556
2047
2044
1477
303
1512
800
291
1567
482
355
2339
2389
1434
1727
2559
2564
1563
1165
326
1709
1723
1280
611
1020
2054
719
591
