# Adaptive TD removed nodes
0
1
2
3
4
5
7
8
9
10
11
12
13
16
17
24
25
27
28
29
31
32
33
35
37
38
40
42
43
45
46
47
48
49
50
51
52
53
54
55
56
57
58
60
61
62
63
64
66
67
68
69
71
72
74
76
77
78
79
82
83
84
85
86
87
90
91
92
93
94
96
97
98
99
100
101
102
103
104
105
106
107
109
111
112
113
115
116
117
118
119
120
122
123
124
125
126
127
128
129
130
131
133
134
135
136
139
140
141
142
143
144
145
146
147
149
150
151
152
153
154
155
156
157
159
160
161
162
165
166
167
168
169
170
171
172
173
174
175
176
177
178
179
180
182
183
184
185
186
187
190
191
192
194
196
199
200
201
202
204
205
207
208
209
210
211
212
213
214
215
216
217
219
220
221
222
226
229
230
233
234
235
236
238
240
241
242
243
244
245
248
249
253
254
255
256
258
259
260
261
262
265
266
267
269
270
272
273
274
278
279
280
283
284
286
287
289
291
292
293
294
295
297
298
300
302
303
304
306
307
308
309
311
313
314
315
316
317
322
323
324
325
326
327
328
329
330
331
332
333
334
336
337
338
339
340
341
344
348
349
350
353
357
358
359
360
362
363
364
365
367
368
369
370
371
372
373
375
376
377
378
379
381
382
383
384
385
386
389
390
391
392
393
394
395
396
397
398
400
401
402
403
404
408
409
413
414
417
419
423
424
425
426
427
428
429
430
432
433
434
435
437
438
439
440
441
442
443
444
445
446
447
448
449
450
453
454
455
456
457
458
459
464
465
466
467
468
469
470
471
472
473
474
475
476
477
480
481
482
483
484
485
486
487
488
490
491
493
494
495
498
499
501
502
503
504
506
508
509
510
512
513
514
515
516
517
518
519
520
521
522
523
524
525
526
528
529
530
531
532
533
534
535
536
537
538
539
540
541
542
544
545
546
547
551
552
553
554
555
556
557
558
559
560
561
562
564
565
566
567
568
569
570
573
574
575
576
578
581
583
585
586
587
588
589
590
592
593
594
595
597
598
599
600
601
602
603
605
606
607
608
610
611
612
613
614
615
616
618
619
620
622
623
624
625
626
627
629
630
631
632
633
634
635
636
637
638
639
640
641
647
649
651
654
656
657
658
659
661
662
663
664
665
667
668
669
672
673
677
678
679
680
681
682
684
685
686
687
688
689
691
692
693
694
696
697
699
701
702
704
705
706
707
710
711
712
713
714
723
724
725
726
727
728
729
730
731
733
735
736
737
739
740
741
742
743
744
745
746
747
748
750
752
753
754
756
757
760
761
762
763
768
769
770
772
773
774
775
776
777
778
779
781
782
783
784
786
789
792
793
794
799
800
801
802
803
806
808
809
813
817
818
823
824
827
828
829
833
834
835
841
842
844
847
849
850
851
856
860
861
862
864
865
866
867
868
870
873
874
875
881
882
883
884
890
891
892
906
907
908
911
913
914
915
916
917
919
920
922
923
925
928
929
931
932
933
935
938
939
940
941
943
944
945
946
949
954
956
957
958
961
962
963
964
965
967
968
969
971
973
975
976
977
980
981
985
986
987
988
989
995
998
1001
1002
1004
1008
1009
1010
1011
1015
1017
