# Adaptive Katz removed nodes
0
1
2
3
5
7
8
9
13
14
15
16
17
19
20
22
23
24
26
28
31
32
33
34
37
39
40
42
43
44
45
46
47
50
51
52
56
58
60
61
63
66
68
69
70
73
75
77
78
79
82
83
84
85
88
90
91
93
94
95
96
99
100
101
102
104
107
108
109
112
113
114
116
118
119
120
121
122
123
126
127
128
129
130
133
134
135
136
138
139
140
142
143
144
148
149
150
151
155
156
157
159
161
162
164
165
166
167
168
169
170
171
173
174
175
179
180
181
184
185
186
187
190
191
192
193
194
197
198
199
201
203
204
205
206
212
213
214
215
218
219
220
223
224
225
226
228
230
231
232
233
234
236
238
240
241
242
246
247
248
249
250
252
253
255
257
258
260
261
262
263
265
266
268
269
272
273
274
277
278
279
280
283
284
286
287
289
290
291
292
293
294
296
298
299
301
303
306
307
308
309
313
314
315
317
318
319
322
324
325
326
327
328
330
331
332
334
335
337
338
339
340
342
343
348
349
350
351
352
356
358
359
360
362
363
365
368
369
370
373
374
375
376
378
379
381
384
385
386
387
389
391
392
393
396
397
399
401
403
404
405
410
411
412
413
416
417
418
419
422
423
424
428
429
430
431
434
436
437
439
440
442
443
444
445
447
448
450
453
454
455
456
458
461
462
464
467
469
470
471
474
476
477
478
480
482
483
484
487
488
489
492
493
494
495
497
498
499
501
502
506
507
508
509
512
514
515
516
519
520
522
524
526
528
529
531
533
535
536
538
539
540
545
546
547
548
550
553
554
555
556
559
560
562
563
564
565
568
569
570
571
574
575
576
577
580
581
583
584
585
588
589
590
592
593
594
595
598
599
601
604
606
608
609
610
611
613
615
617
618
619
621
623
624
625
626
630
631
634
637
639
640
641
642
647
648
649
653
654
656
657
658
659
660
662
664
666
667
669
672
673
674
675
676
679
680
682
684
685
687
690
691
692
695
696
697
699
701
702
703
704
706
707
710
712
713
714
715
716
718
719
720
722
724
726
727
729
730
731
732
733
734
737
738
740
741
745
746
747
752
753
754
755
758
759
760
762
764
765
767
768
771
772
773
774
777
778
780
781
782
783
787
788
789
792
793
794
795
797
798
799
800
802
803
806
807
808
812
813
816
817
818
821
823
824
829
830
832
834
838
839
841
843
844
847
849
850
851
854
856
858
859
861
864
866
867
869
870
871
872
875
877
878
879
880
881
884
885
886
887
888
890
892
893
894
895
897
898
899
903
904
908
909
910
912
914
915
916
917
918
920
922
923
925
926
928
929
930
931
932
935
937
938
939
940
941
942
943
945
946
947
950
951
952
953
955
957
960
961
962
964
965
966
969
971
972
973
977
978
979
982
983
984
985
988
989
990
991
994
996
997
998
999
1000
1002
1005
1006
1007
1010
1012
1013
1014
1015
1016
1018
1020
1022
