# GNN-RL removed nodes
7
8
9
10
17
19
24
25
29
31
33
36
37
40
43
47
54
55
56
61
64
65
66
67
74
75
78
80
84
85
86
87
90
95
103
109
110
111
112
115
116
117
127
142
143
144
150
152
154
155
156
159
161
162
164
176
179
182
187
190
192
202
203
204
208
216
224
226
227
228
230
240
242
243
244
248
255
256
257
262
267
268
269
270
273
282
283
284
291
295
296
297
302
303
305
306
308
312
317
318
319
320
324
325
326
327
331
334
335
340
341
342
343
344
346
348
352
353
354
355
361
362
363
364
369
370
371
372
376
379
381
382
383
384
390
391
392
393
403
411
417
426
427
432
433
447
448
449
450
457
458
462
466
467
468
469
480
481
482
483
484
487
494
495
496
498
499
500
503
507
513
514
523
531
532
533
544
545
546
554
555
556
562
563
564
565
569
570
571
576
581
582
583
584
593
594
595
596
600
601
602
603
609
610
611
614
615
625
626
627
628
635
636
641
647
649
650
658
669
673
674
675
676
682
688
690
691
692
696
700
701
703
704
713
714
715
716
724
732
735
736
737
738
745
746
747
752
753
754
755
758
762
766
767
768
769
773
777
782
789
795
801
802
803
807
810
812
813
815
820
823
824
825
836
837
838
839
843
847
848
849
850
852
862
864
865
867
871
872
873
874
883
884
885
886
890
891
892
898
906
907
912
916
917
918
919
921
931
932
933
934
939
940
941
942
949
954
955
956
959
960
961
962
970
978
979
980
981
983
988
991
1001
1002
1003
1004
1010
1011
1012
1016
1017
1018
1019
1022
