# Adaptive TIA removed nodes
0
2
3
5
8
9
10
11
16
17
19
25
27
28
30
31
33
35
36
37
40
42
43
44
45
49
50
51
54
55
56
60
61
63
66
67
68
69
77
78
79
80
82
87
89
90
92
93
94
95
97
100
101
102
106
107
108
109
112
113
114
115
116
117
121
122
123
128
129
130
131
134
135
136
137
138
142
143
149
150
151
155
156
159
161
162
164
169
170
171
172
175
178
179
180
181
184
186
187
190
192
193
194
198
199
201
203
204
206
211
214
215
216
217
220
221
223
226
227
228
230
233
234
235
236
240
241
243
245
248
249
250
253
254
255
256
260
261
262
263
264
267
268
270
272
273
275
277
278
283
284
287
289
291
293
295
299
300
302
303
307
308
310
312
317
322
323
324
325
328
329
330
331
334
337
338
339
340
343
344
345
346
349
351
352
353
354
357
358
360
361
362
367
368
369
370
374
375
376
379
381
382
383
386
387
391
393
395
396
397
399
401
402
404
407
408
409
410
413
414
415
419
420
423
426
428
431
432
433
435
437
440
442
443
447
448
449
450
452
455
457
458
461
463
464
466
467
469
473
474
475
476
480
481
482
483
487
488
490
493
495
498
499
500
504
506
508
509
513
514
516
518
519
522
523
526
528
529
533
535
538
540
541
544
545
546
548
551
553
554
555
558
560
561
562
563
566
567
568
569
574
576
581
583
584
589
590
591
595
596
597
598
600
601
606
608
609
611
612
615
617
618
619
620
624
625
627
629
630
631
635
636
637
641
642
643
644
647
648
649
650
652
657
659
660
664
665
666
669
671
672
673
674
677
678
679
682
684
685
686
687
690
691
692
694
696
697
700
701
702
706
707
708
709
713
714
715
716
720
721
722
723
727
728
729
730
734
735
736
737
740
742
743
745
746
747
751
752
753
754
755
761
762
766
767
771
772
773
777
778
779
780
782
783
784
790
791
794
795
796
797
800
802
803
808
809
810
812
813
815
817
818
819
823
824
825
826
830
831
832
833
836
837
838
839
843
844
845
849
850
851
852
855
856
860
861
862
867
869
870
871
872
875
877
878
880
881
883
884
889
890
891
892
898
903
904
905
906
910
911
912
913
915
917
919
921
922
923
926
928
931
932
933
935
936
937
938
941
942
943
944
947
949
952
954
955
959
960
961
963
964
965
966
969
970
971
976
977
982
983
984
987
989
990
992
993
996
997
998
1000
1002
1004
1005
1007
1009
1010
1015
1016
1017
1019
1020
