# final target nodes — method=TD λ=20 seed=976125790
4102
3593
4105
1545
3084
4111
4113
3608
1051
3612
3102
3617
3619
1571
3627
3630
2095
4654
1076
3637
4667
4669
2624
4673
3138
3649
4676
2628
4162
2119
4681
4682
3660
1613
3662
4177
4690
2135
3673
3675
2653
1633
3682
2155
3692
4204
3694
4720
4211
4212
4728
4217
3194
3707
4221
3710
2687
4736
3201
2690
4737
3716
4741
1670
4231
3719
4233
2692
4235
4747
138
4238
2704
3729
1171
4244
3221
2712
153
4250
4762
3745
4258
3235
4259
3234
4262
1193
3241
2219
2735
1712
3762
3767
2751
2752
4801
2244
3269
3782
3780
3792
1745
4306
3281
3285
3799
3801
4826
1756
2782
3294
1758
3806
4318
4833
4320
2784
4326
4327
4840
3308
4333
1774
3823
3820
3312
3826
4850
2292
3317
4342
3322
4347
1276
2302
1791
4864
3329
4355
772
3332
4868
4870
2824
1802
4363
266
3349
3863
1818
3867
3355
4890
2334
3871
4895
3873
4386
2853
2861
4398
4399
1328
3894
3901
3902
4414
4929
4417
1861
3913
3917
4942
3414
4438
2902
1370
4444
3421
3933
2401
2916
4454
4455
3431
876
4972
2413
4979
4469
2422
4470
3447
3962
3964
2944
1411
3973
3974
2950
4485
3980
4492
2445
4495
4499
5012
3480
5023
4002
4004
3493
5028
2983
5032
3495
1959
4524
5037
2994
4533
4022
4021
4536
5048
2490
2999
4024
2488
1470
450
3523
4554
3531
4044
1484
1489
978
4567
984
2522
3036
2534
4071
2536
1515
3564
3055
4597
3576
4092
