# final target nodes — method=TIA λ=20 seed=976125790
3072
2562
11
1036
2060
3600
532
534
1559
2583
2040
536
1558
3613
2078
2591
2082
2083
3107
2552
3625
1073
3640
3641
3131
3646
2625
3654
2558
1607
2635
2123
2637
3660
2129
3153
1620
3673
3161
1633
1634
1642
2667
1132
1134
4721
4210
4211
1139
1653
3185
631
118
3705
3194
4728
4737
2693
3211
2700
4751
2705
4754
2707
2708
148
4761
2203
3740
3739
2719
4768
161
3231
2724
4773
3238
2728
4776
1192
2216
2220
3245
3249
3762
4790
3257
2746
1725
3263
193
2756
2245
2247
3272
4808
719
4817
1239
1240
3297
3811
3300
3303
1256
2793
2282
3306
2285
2287
2288
4339
2804
3317
3831
3832
3834
766
1791
4352
4353
3326
4867
3845
4870
2824
4362
4366
271
3345
2322
2323
4884
3351
1305
1819
4892
285
2333
4381
3873
4387
1316
2853
1827
2857
297
2860
2861
2863
303
3379
308
1845
2869
823
1848
2873
3387
3899
2876
319
3393
3905
3909
2887
3403
1869
2381
2893
3408
1358
3406
3409
1366
4440
2393
346
1371
3419
349
2906
2398
1378
2402
3939
2405
4969
1898
2409
4974
2420
3961
3453
4991
2945
1411
3973
906
3979
396
2955
1934
2453
2454
5015
1946
2971
1439
3488
5023
2466
2979
4516
1451
1963
3506
1459
4532
1975
3511
3513
954
2490
2491
1469
447
4033
3011
4548
453
1479
2504
4044
4559
976
3026
1497
1498
3035
504
1001
3566
2545
2035
3573
1014
3063
3064
3574
1020
1022
