# final target nodes — method=GNN_RL λ=20 seed=976125790
2560
1026
1031
4103
1545
4106
2571
2573
3600
3093
4119
4632
3609
4124
3612
4129
2594
4132
3623
1067
4141
4146
2610
56
3128
4154
2620
3133
4668
4161
4673
2557
3656
3657
4172
4087
2132
3160
3677
94
1631
1120
2145
4193
3173
1126
2663
3687
1127
4714
2155
2156
1645
3688
2664
112
4722
4725
118
4726
4220
3200
4226
2690
3716
4743
1671
2188
3215
4751
3729
3730
4754
4244
3741
2724
4773
1190
4263
4262
3753
4778
4775
4270
4783
176
688
3762
1203
2742
3767
2744
2231
698
1723
2751
2752
2242
3267
3268
2756
4293
4803
2248
2761
3274
3781
4294
4813
4815
2768
3281
4820
4309
212
4821
3799
3796
220
221
4830
1756
3812
4328
1258
4843
1261
1774
2800
3313
242
4851
2806
2809
1273
3322
252
3836
766
256
2305
3845
2822
4870
2312
4872
1803
3851
3854
2831
4370
2323
4889
1818
4892
3868
2340
4902
2857
3881
3371
3883
4397
4398
4911
3373
3377
3378
818
1330
3893
4406
4404
2873
4922
4927
2879
2883
2373
3397
3400
3405
4430
3920
1361
2386
2898
2391
4958
353
3426
2915
2917
3942
2918
361
3434
3433
4463
368
881
2416
2420
4981
3961
1402
2939
1405
1408
3459
387
2437
4489
5001
2965
3990
2966
5023
4511
5027
5034
5037
431
2992
4018
4020
4021
5048
4031
3015
4552
4039
4555
3019
3024
3026
2004
2519
984
3544
477
2531
3557
4070
4587
2540
2029
4592
4086
2551
3062
4093
