# final target nodes — method=Katz λ=20 seed=976125790
514
2052
520
1545
10
4108
524
3604
2071
2584
3609
2075
4127
2079
1570
4131
3106
2085
4655
560
50
2611
563
2103
2620
4156
3132
1599
1600
2625
3137
68
2629
2630
4168
4682
2639
4690
4692
2135
3159
3164
94
4192
2658
4706
4195
2147
2151
3688
2152
3694
4213
120
1657
3705
4219
2683
1156
2697
138
4235
1675
141
2191
4754
146
2197
661
2711
4250
1692
2716
1699
3748
4775
1705
3246
2225
2738
1208
184
1213
1216
2752
1730
3776
4802
4814
3793
2257
3287
1240
2777
3290
3806
1762
3812
1252
4326
4327
232
4841
2282
2795
1773
3312
4337
242
3315
4339
2293
1270
246
4342
1273
4851
254
1796
4869
1285
4870
3853
2317
2319
3344
4879
2834
2835
4884
3354
1820
4893
1824
1313
2850
3363
1826
809
1834
3369
4396
4909
3825
3887
4400
817
1332
4919
3385
2362
3391
2879
3402
3408
4434
2899
3410
2903
344
345
3421
1373
3422
351
4963
2405
4966
3429
4456
2408
3434
3946
2924
4972
3438
2410
368
2417
2930
4467
1908
373
2933
1910
3431
1913
892
4477
1408
2948
4484
902
2951
3977
3978
394
908
3982
2960
3473
4497
3990
4502
3480
3478
1945
923
2461
5023
1439
4511
5028
2984
2472
3500
2477
2989
429
2993
948
1464
4024
446
1471
452
3012
964
4036
4043
1484
3531
1483
2512
1489
466
3540
3031
2010
4570
2524
4061
2530
2019
4070
2027
2033
2546
3571
1524
1016
4094
