# removed nodes — method=GNN_RL λ=20 seed=976125790
150
43
28
568
277
317
121
224
315
87
406
581
2013
1811
783
3172
4343
670
1518
313
382
164
875
339
609
101
247
680
548
165
105
318
617
403
32
1895
2306
834
959
2419
1013
1060
678
692
336
693
1342
1681
782
560
442
679
335
3420
496
408
671
2153
99
555
75
1609
603
8
167
774
756
414
1952
1133
479
1054
1148
945
316
937
137
942
333
293
290
2072
2080
234
3635
86
358
107
535
174
1367
629
2007
743
554
732
1591
1979
1980
1040
1547
889
312
46
931
411
300
1389
1460
292
1475
622
705
1467
1095
21
559
1831
324
1057
802
1087
695
340
1010
207
40
831
206
747
334
753
1614
168
1536
294
338
415
1501
1006
2986
565
673
295
250
2354
1011
1638
1345
967
691
29
30
2781
88
1445
2191
41
807
618
360
1249
226
820
595
1415
901
1090
647
754
973
553
1529
27
564
1049
1577
2678
1391
1602
1520
3362
1500
1082
558
584
3390
1152
81
1510
796
744
67
960
878
3138
1063
1077
2081
1175
762
356
641
37
1140
757
739
1546
2341
858
369
611
569
4579
1395
61
2611
623
786
1099
1434
605
18
1106
322
624
884
1392
189
2003
2112
590
619
717
17
1169
1158
1481
432
2566
703
1144
1251
2567
4973
583
575
736
1105
640
885
1136
549
1453
1110
273
654
702
675
1289
677
781
409
90
778
233
202
1427
474
1294
441
662
465
1446
405
2284
1185
1516
490
596
800
1317
439
1661
3008
804
359
726
1159
615
913
870
123
1058
80
845
1398
972
853
3101
2096
1977
1696
364
323
374
103
376
264
2280
3270
100
2428
2168
2324
402
4251
1003
1552
289
528
1618
1068
557
1123
497
1228
856
1964
194
413
518
803
1482
749
620
42
2073
354
614
114
44
1218
550
777
570
425
694
1785
961
1836
4663
1726
253
1121
1403
1443
1039
1394
1024
1135
89
644
1113
1201
1104
2559
418
676
257
1091
486
1731
627
186
85
288
660
84
621
2578
1359
348
2383
217
668
1053
1568
321
1032
422
98
1521
108
158
49
116
958
745
4
1084
1584
3049
759
12
270
2250
696
2434
3288
1644
741
66
2575
1866
1775
991
2154
3060
864
738
1417
799
3681
1145
136
874
495
697
1444
1288
686
2584
3106
201
1112
78
639
305
1972
2448
1557
645
2990
825
3054
791
79
3229
401
268
1382
2101
3139
812
2000
684
2496
219
1008
391
2124
1771
2390
707
669
854
489
2659
2201
306
667
1876
2001
2162
434
1096
357
501
307
1223
2574
440
938
3903
1296
3161
2833
311
47
160
2760
1474
2700
980
887
840
843
132
1693
2498
1505
1078
2750
1641
2086
1524
7
725
58
955
4932
4065
1412
1012
1311
281
1606
1074
1630
1625
91
859
600
2466
1690
552
2923
1592
1355
839
737
2122
4038
1016
1651
2499
649
2841
2580
3209
4396
3341
2046
347
2277
2
860
1612
1458
2570
751
1849
262
283
2281
2249
1410
1168
1409
1684
513
1732
1637
699
529
350
1108
299
93
183
2227
1749
1191
3939
2621
2121
761
731
687
503
15
225
3533
1720
1721
1253
3168
2133
1838
551
608
218
1141
613
159
16
4255
821
2068
1041
184
104
2100
1230
3818
1025
509
117
674
990
111
1309
1740
370
928
3121
1542
2480
3240
419
2356
1564
1048
1703
594
417
1157
3090
180
33
2497
1280
574
1537
2816
1890
102
63
646
2410
314
4382
907
2617
4329
3316
1787
4449
320
5012
498
343
2810
580
681
3119
171
2746
2717
612
113
2286
96
713
3196
1321
3083
2568
1231
404
143
2823
1046
492
1339
1729
577
988
718
1037
2677
3617
994
2104
2335
1399
395
3441
4527
1757
602
2236
1393
1267
2634
2392
1419
1984
722
1233
2848
1449
255
2430
2807
3
1206
355
82
20
616
764
3380
1331
1260
3513
73
2445
337
760
3495
45
332
2779
706
1310
1271
166
25
1017
2647
2721
3415
4533
11
4483
1118
276
3068
1002
773
1832
1375
561
2147
470
200
2517
1595
169
1064
1383
1711
2851
1103
1329
1199
1555
2353
545
1974
2461
531
1576
1226
367
372
31
2718
1043
1134
2285
1167
2539
3003
1324
26
1089
1865
1224
3222
2682
1686
626
2937
724
914
1654
1263
598
2693
2197
265
537
170
2558
