# removed nodes — method=TIA λ=20 seed=976125790
150
43
568
28
317
224
121
415
277
678
1288
732
1145
18
2390
8
2574
376
377
646
217
555
645
1113
58
581
1866
575
42
406
1661
318
1175
168
206
315
364
143
596
116
253
1105
553
1482
77
408
418
497
2081
1547
1296
216
21
334
492
759
1185
551
605
158
1157
1979
174
340
614
1084
675
745
32
2112
374
501
695
2120
338
629
548
348
2575
777
801
88
207
2755
186
183
717
667
234
960
405
165
225
312
528
2617
1077
2000
692
2559
749
967
1602
401
603
114
753
869
336
550
564
583
736
955
1068
61
554
857
866
12
1355
107
159
160
487
557
166
2566
1002
1080
1410
1528
743
673
479
613
644
1523
167
432
257
305
570
859
1158
674
465
693
938
2007
41
671
901
1024
1271
1419
313
1003
403
425
113
311
907
931
87
316
382
839
101
1283
783
1557
44
333
609
707
1289
1637
1681
1836
37
1013
617
1108
414
417
558
1118
40
273
395
495
622
628
986
1984
4065
66
2296
268
288
764
788
845
1703
247
884
1078
111
1133
959
1168
1690
2154
301
618
1838
49
2169
640
677
1106
136
2578
565
650
670
765
1095
2465
1057
3112
1099
1308
1393
173
219
264
2362
595
1577
1564
686
1054
366
569
728
812
2227
350
402
529
825
559
262
796
1091
1096
1255
1787
124
594
729
1039
1467
197
191
3008
1317
1696
669
1711
1971
189
299
2567
1775
339
776
2013
3172
2055
885
3101
99
442
574
600
119
2833
834
860
943
1309
1644
137
2241
194
904
942
731
1518
2419
725
1233
2068
680
1856
660
924
1443
2104
321
324
1251
1307
226
1275
1667
786
1032
1831
13
45
726
624
178
265
33
2201
4343
610
1049
1087
1198
1280
641
1389
1391
1040
31
289
722
861
1382
3514
1566
75
1167
314
829
416
2580
863
67
106
108
192
201
429
27
1488
1811
47
323
853
1294
1413
1663
29
199
267
91
706
828
2168
547
782
962
1182
1226
1303
292
343
1876
295
322
2080
608
737
791
1537
404
2527
549
1654
287
521
16
80
2165
286
2403
982
1006
1112
1169
1957
1776
1327
255
789
20
357
359
422
799
941
1148
1199
1023
1235
2118
1629
1630
63
421
654
4758
676
687
2849
1267
76
434
2354
2542
2585
754
804
2961
2977
1394
1544
1048
913
1546
4010
93
283
601
699
988
1029
1030
1476
2100
3083
1016
3288
222
584
858
1501
6
97
103
180
419
590
1191
1114
2076
498
598
1444
1950
1964
1075
1736
485
1415
1807
1895
838
1460
1505
1520
1641
1863
2122
233
662
875
356
436
486
1150
1356
1740
39
2133
185
2277
856
1228
1123
164
355
503
1010
1025
1447
1698
84
146
1352
958
739
1070
358
360
490
615
623
773
2836
802
4
2535
648
1952
2236
620
778
3005
961
1081
1082
1083
991
619
741
1475
2352
337
627
3568
2163
4329
274
335
17
807
1223
1055
2099
2462
4973
1272
3341
1576
1638
1835
4382
2162
155
296
697
757
1310
1693
2062
139
2353
354
694
325
2539
588
3077
1104
1325
145
156
2678
738
1164
803
864
85
294
440
691
878
1731
306
2517
794
889
2061
89
249
2355
2568
545
2613
585
4741
756
790
806
332
507
664
710
1321
1568
2410
496
720
800
831
1109
1344
1584
4014
744
2986
53
102
973
1337
1339
1390
1516
2430
2651
636
696
1594
78
307
703
1059
1172
1422
3495
2980
62
566
3240
1232
1656
1865
48
82
171
2341
2344
1392
1727
1651
4038
2153
5012
963
3025
980
1155
1230
1387
1749
2275
2577
2001
46
92
320
937
1732
1742
1832
202
1086
3533
1556
1720
1974
25
98
204
293
367
2423
4525
2415
1764
1906
2109
4567
509
639
683
742
821
867
934
1612
105
611
1152
1433
2064
2250
250
2611
621
1279
1574
1304
1458
2499
4736
1789
1041
1124
1144
123
1205
276
1499
96
30
1201
1485
915
2116
1218
2475
519
1554
1618
2781
3441
1510
972
1033
19
1141
223
1336
1375
2570
1552
3694
1071
1089
647
762
771
1843
3
5
3088
3090
1066
3169
1417
2392
1434
1625
833
1062
2114
2127
81
104
1140
130
1414
79
1100
203
270
1416
516
1606
1665
1729
2033
1027
1249
2320
616
888
513
1724
1972
2051
1060
74
2448
1481
1098
4251
439
90
3188
4245
1397
1493
612
649
775
880
1053
1217
1231
2342
1542
1650
2759
935
1046
132
2197
1285
1427
740
2111
2271
1253
2508
1521
755
2045
1110
3165
2205
3253
518
1714
4874
822
2108
1343
1345
538
2621
589
591
284
1474
3594
22
4138
2093
1151
2177
1324
1431
426
515
1483
1453
3362
411
2505
4649
630
679
4916
923
2996
3054
2364
441
474
625
945
2121
1287
1295
1425
4542
531
2685
3103
86
1342
1359
1446
1450
1755
1849
827
1853
2925
2008
3148
1207
3420
1412
2479
2572
1550
1592
577
1652
1692
1870
1206
413
2337
1398
1581
1609
1770
781
797
805
4932
1867
470
1771
965
391
840
868
1991
992
1122
1211
190
2243
352
3082
169
3328
281
832
2990
0
1045
179
232
2363
1978
4449
1726
966
1101
2262
2336
1318
1567
3650
655
4762
83
2267
4347
535
2647
702
1840
3901
843
928
969
2022
1529
4252
2935
3118
1074
2105
3152
1224
291
1500
2529
1555
1783
854
3610
200
735
746
2837
1852
2383
2456
410
1436
1585
634
715
2807
1538
1539
576
1702
1236
2777
1769
751
874
491
2196
2737
734
1792
2821
309
3390
2384
2438
1977
4123
3681
4862
2326
1935
926
936
3060
2038
505
3580
1536
3631
2147
681
684
2028
1540
7
15
3099
1135
666
668
953
4679
2125
2130
187
2750
2787
2823
2946
1418
939
4032
2291
990
1138
2174
2927
2482
1017
3212
653
3745
1225
718
4674
3168
1799
2902
407
461
2067
2071
1056
3619
4142
2128
835
1384
1428
1514
2139
3718
665
2212
1719
2791
238
761
4151
705
4421
4483
540
3639
59
2670
2164
3193
2699
733
2537
560
562
3129
2721
1759
243
300
2864
2894
370
383
1761
258
602
1718
1750
730
1281
793
795
1820
2848
2356
4243
1274
522
1639
147
3283
2328
3878
2434
1452
1965
1480
2879
1354
2897
2921
3204
914
2725
4527
2489
489
1008
1527
2306
1524
1826
971
1492
3540
2811
3591
1043
4126
2335
3620
371
930
2049
1794
1795
520
2059
2070
1312
1058
3365
2859
142
2602
899
2046
2047
2052
2565
1815
2851
1839
3635
3386
2095
3903
1666
2523
747
543
2850
2348
1582
1329
824
2630
848
100
2260
3544
484
1785
275
4118
813
54
2359
3138
4742
3209
656
409
2720
1441
2424
2733
815
1966
1967
4663
897
375
2425
3597
2193
412
1311
3232
1710
970
1882
230
2628
4051
768
1700
1445
1072
820
1210
2497
4935
711
1357
2966
3247
2875
852
1640
1257
3691
1004
1905
3316
4085
632
3777
2002
2646
95
1000
2158
3522
2244
1097
1420
3857
724
1682
2710
2073
1125
3302
2042
1535
5014
342
282
1367
1887
2629
1159
94
1012
55
57
2053
2124
1614
1621
2455
537
2192
890
3329
1442
36
