# removed nodes — method=Katz λ=20 seed=976125790
43
150
28
568
121
406
692
21
317
1095
555
224
165
678
318
548
695
408
717
107
959
382
234
1443
277
336
168
415
743
753
732
8
313
273
42
564
465
1661
2419
609
334
61
745
4343
759
694
749
618
315
137
348
1895
581
1831
418
2013
1482
931
703
41
875
1049
339
1084
2559
1144
1013
2354
1068
671
623
613
550
693
167
18
1145
884
87
1288
312
1382
783
1057
554
4973
799
305
1518
1140
1113
670
2007
32
340
741
405
777
158
479
292
859
1394
614
186
164
1168
756
702
498
206
705
889
1389
2284
1096
497
619
961
108
281
105
376
495
207
3172
1811
673
253
1024
324
707
553
101
726
1696
629
675
1048
617
744
1006
845
565
1866
938
603
350
247
704
754
166
417
501
677
1078
1003
697
287
414
103
434
288
583
3008
413
853
3513
116
645
1501
528
1099
1070
333
630
960
201
1054
595
803
79
88
624
307
432
863
557
559
834
2465
294
47
2574
295
99
37
442
401
49
1228
605
85
264
549
1681
74
736
323
802
1398
1191
86
2280
596
2423
558
765
667
113
627
856
686
1133
1077
791
1639
1557
159
440
570
1091
58
139
1199
2080
569
860
1654
737
640
132
1564
1087
257
574
496
84
358
2566
1546
225
1641
45
1785
114
1327
1105
1267
955
2351
722
676
356
338
589
680
1158
4449
986
699
1011
96
419
1731
403
1342
422
1167
1032
484
2081
1275
411
81
1667
2100
1182
1577
590
2076
1226
1547
160
311
696
337
1010
1355
364
1175
1040
2567
1775
441
191
1317
262
674
4
622
1474
1251
1467
183
691
2575
575
1255
265
885
1510
1460
958
53
967
608
12
226
156
73
54
1356
404
1444
1720
4916
44
594
654
143
1223
728
4799
377
216
439
1863
322
1410
4768
1352
598
786
1112
316
90
1736
610
2836
1391
3568
293
611
1311
106
1294
91
402
600
1080
1308
1771
584
1952
1576
839
306
776
2168
687
1682
320
1083
782
1157
155
2341
731
646
2355
616
615
904
762
395
1152
2434
3101
3390
3005
1135
1584
2154
321
660
1836
2250
1479
354
97
1283
5015
360
1104
801
945
93
1516
1724
1378
314
1630
178
1419
1787
1148
332
1703
1136
2580
650
1055
1235
474
2570
1978
2792
1867
2296
1769
3441
1520
407
825
33
283
1776
1337
136
864
67
19
487
942
1231
1359
1876
4251
27
773
1609
1233
48
831
547
1433
296
1488
551
1218
647
1856
868
2651
1476
75
1185
1002
1303
857
781
3253
757
2390
965
335
1452
1106
2227
92
529
4382
1272
2722
669
63
628
1447
612
962
1280
66
1606
941
2133
901
289
1230
992
738
725
937
866
1727
2277
888
854
1151
2000
199
233
1979
1060
807
1198
812
219
1950
268
2977
1971
828
2198
3389
644
4724
1794
490
1413
1637
1027
2068
934
202
509
1427
963
771
2051
840
1204
1870
924
217
662
17
1525
2127
2725
1089
1141
1642
1296
1114
77
1453
1249
1740
1422
425
3188
119
1967
1169
192
369
2550
1023
1392
928
40
1225
2781
359
1602
1393
367
2535
988
740
197
436
370
1037
887
601
2294
78
2537
1081
764
1612
973
147
189
4758
111
1644
805
13
2617
1209
991
1544
1481
2086
2201
664
1232
706
4211
1339
1835
1865
2667
545
2448
3118
1906
4861
491
1807
1838
2104
796
1974
1521
1529
2306
3152
1344
2755
2859
3719
2275
194
76
416
1415
797
3328
620
639
25
299
4047
1134
3566
3212
485
1485
1017
1289
1638
1499
535
1458
1345
1326
1372
1455
3
982
1123
492
1321
1552
2064
26
874
713
1307
2517
4065
3381
880
2243
2108
710
7
1566
635
1053
1164
3939
3083
2279
2849
869
486
794
2120
2107
3832
1118
665
1700
4559
827
185
341
1445
46
1086
2999
1581
1395
342
1522
1618
421
822
2169
2015
878
1540
4329
198
1568
943
1523
2542
1414
1678
4440
2678
2364
4051
1310
800
780
1690
142
907
1732
70
2271
804
1528
4795
180
2906
1651
913
739
22
1287
1075
2320
585
6
1991
1855
1572
286
729
1434
621
80
2759
833
643
655
970
4741
1750
374
20
2415
1416
3682
636
1795
3064
1221
1450
100
898
755
903
788
507
140
1082
641
1849
2475
972
1033
2613
1042
83
1839
1761
4255
3514
2375
2430
1719
561
2424
303
426
1446
4032
2210
2807
867
2139
438
971
3270
789
683
1397
16
301
1274
355
2961
222
1304
1754
3635
829
2206
2289
735
1832
3112
1343
2281
1749
174
173
2109
1619
1770
2286
1714
29
1964
255
1459
861
1554
267
1066
179
1064
1555
3420
2425
30
447
2705
1097
1698
2078
994
1656
1325
3866
1305
1030
24
1124
2112
946
1205
890
2539
2353
1109
3195
1281
1039
1207
1025
1556
3138
1513
1210
566
2462
3271
602
591
1102
2621
2700
3288
1537
926
1943
1842
59
2216
3148
489
684
1629
1172
2134
1538
1493
3905
375
2153
2105
899
1059
2837
1098
1475
3924
203
4027
3691
1366
2432
1843
1390
1466
2236
3897
2070
2823
1718
1595
1598
3240
768
2121
1628
1878
1862
597
3165
795
89
3025
625
747
2095
2929
3072
2067
3120
4542
3620
4903
1108
4736
668
824
2122
1711
2291
1201
534
124
844
2603
2907
102
4549
3813
366
1977
531
846
1387
521
1020
4221
2466
838
3979
2980
2994
223
1505
250
1594
1574
3068
3693
1396
4029
2392
2384
4040
1693
2403
1583
519
932
1100
2710
858
1806
4118
2326
2285
200
1417
1132
2489
3294
1585
4649
162
2529
1530
1388
1760
3161
2728
4123
1206
1852
679
576
4532
2336
2538
1312
95
1712
2654
238
1012
1542
733
1263
821
1640
724
1677
2996
515
1128
123
1755
2140
503
1663
1567
1399
808
1596
424
2324
104
1161
2456
171
1279
1073
1300
2118
2196
2174
1742
2101
1498
1357
3594
3589
325
2767
3096
3533
522
1331
204
2718
1264
437
468
1887
1298
0
2125
2753
4014
518
832
1645
1007
1041
39
3964
1239
981
3839
3146
2055
2727
3590
2008
134
2787
2363
3341
567
352
2577
2733
2047
3598
2902
3136
1592
2578
2150
2497
2092
275
1829
1071
270
1707
2870
2244
1968
3432
2093
2523
1211
3580
2720
4873
2935
1295
779
2426
4245
1963
1947
3362
4352
4243
1224
1783
3300
2505
1601
543
3827
2162
3745
1957
2049
3054
1621
2094
2205
258
1412
2207
2346
2513
1056
1722
1404
2821
2585
1074
2496
4010
1441
2411
409
790
1935
2001
1936
1110
1792
3325
852
952
4986
4377
3380
2211
2785
4023
2141
4038
1627
1490
3886
2723
420
131
4959
2260
2099
2670
3415
1535
1046
2597
4531
3257
513
149
3338
835
2488
4109
2841
1309
1526
1234
1163
3559
1150
977
1676
1548
4547
3366
3721
3543
372
2178
4907
4988
718
4806
98
715
4848
772
2527
3273
3208
720
894
2159
2647
1
1478
1683
1472
2982
516
969
3386
4723
3777
4142
734
3521
4704
148
1170
3631
2655
4212
1375
1512
3749
1828
1162
4106
1159
1189
3335
648
2114
3168
3351
3779
4525
2811
681
2833
3655
3316
471
758
1531
2676
1728
1905
1631
2558
2124
3283
1924
760
2599
4421
38
900
862
4579
190
1916
3103
2228
2867
1197
154
2273
4117
990
2349
4233
2695
3817
2751
3544
4737
1348
2766
2096
1890
2069
1833
2774
3011
4430
2736
4066
4991
2290
3213
798
3683
3949
2110
2194
4042
2113
1636
3962
2300
4585
2061
2600
1808
815
2287
2572
1745
5048
3592
122
4654
1603
5017
2203
2383
666
752
2950
3835
2686
947
3247
4455
2934
586
2128
1217
540
3314
1819
2088
2180
2932
4822
1237
2476
3591
2706
2905
2880
3457
2255
1553
4270
2582
3747
3617
577
3193
2628
1958
459
1268
1334
2457
2249
1980
1193
2412
1643
4330
2188
1000
1491
2165
3191
573
1857
2671
3627
1494
2791
826
2352
2690
3169
1992
357
4037
3909
5
2812
1473
1983
1386
2342
2644
1115
3974
1367
4543
499
2646
4712
3937
4193
65
2940
2333
4341
1236
3345
525
2889
4347
4320
2369
3091
1062
1468
4569
2491
5012
2762
1625
2827
3563
3129
2712
470
1492
4674
1165
538
1976
1324
3284
3070
3145
1925
3495
1550
1021
3094
2022
2038
1797
4780
1680
956
2927
3649
2525
2003
3901
3332
3313
2116
1970
2864
914
4259
3384
2520
3551
2437
3650
1335
1846
4667
1101
3244
2368
915
2171
274
161
1338
4364
2779
526
1764
2106
3681
1253
3903
3190
2361
4676
2344
951
1131
998
2482
2337
31
2715
2945
2428
4447
649
2737
2129
3751
349
506
980
3248
4064
1514
1138
1815
152
3660
966
3302
1650
2034
343
2164
1246
2653
1093
393
953
71
1704
806
1435
2623
2032
3857
1290
2754
895
1155
1035
2804
2552
4544
2714
843
2708
3265
3401
2971
4324
2459
4410
2797
4071
1008
2869
