# removed nodes — method=TD λ=20 seed=976125790
43
150
568
28
121
406
692
21
103
105
623
1095
165
548
678
318
695
234
1443
565
1661
382
1145
1895
317
224
415
18
408
564
732
61
87
277
753
168
8
743
959
313
1482
670
1288
2559
334
497
2419
288
336
609
717
107
315
42
137
581
749
465
292
339
555
745
875
498
645
1557
694
1049
1831
159
1228
2007
312
677
1013
550
756
2013
1113
206
495
759
783
889
273
1518
1811
253
557
167
859
1084
101
281
340
442
41
554
376
553
618
931
1068
324
703
884
1003
32
3172
1382
305
418
613
799
1866
570
707
4343
559
583
617
1057
619
744
1099
1394
295
348
401
671
777
863
186
405
675
1294
1681
629
693
834
108
307
960
967
37
1168
802
938
49
88
605
736
1024
1389
247
414
158
58
1140
97
207
338
479
741
1488
3008
350
596
496
702
1078
164
624
1040
1577
1585
4449
4879
45
201
640
17
650
728
961
156
216
257
603
674
680
1055
569
1054
311
673
1091
528
853
958
191
359
558
614
1355
358
1501
4973
705
765
1002
1144
1696
116
132
402
403
99
501
726
856
1419
85
86
166
630
686
942
106
294
860
1077
323
333
432
786
1087
2080
2354
183
696
667
2535
417
1011
1157
1651
627
731
797
1096
1105
725
529
2351
91
425
831
1641
4382
646
737
791
928
986
2566
845
238
374
413
858
1006
1158
1283
1521
1771
79
1467
81
264
575
992
1356
2434
287
316
321
356
1342
47
1133
1776
74
93
622
804
1182
1474
1527
1775
1185
549
822
1106
2390
2567
53
67
114
590
1048
1475
589
595
1010
2154
699
1352
1952
12
73
143
233
265
644
197
641
781
1267
1392
3
90
173
286
439
608
616
2574
422
869
1311
98
395
754
1317
1344
1446
1667
4
545
1023
1544
113
268
434
880
1064
1327
1564
1584
1410
1654
454
598
706
803
1198
1838
2977
4251
20
82
100
1398
84
1218
1856
2284
2286
2499
2578
44
123
189
4916
391
1510
955
1104
1391
2081
2611
119
155
199
441
584
1546
322
364
1112
1138
1304
2550
2575
4799
76
160
2423
1444
2125
1135
1141
2133
46
194
226
594
620
647
1547
1136
1175
1199
262
839
1032
1132
1233
1287
1359
1378
1255
296
377
574
664
1870
320
588
611
662
704
941
2465
66
419
63
225
404
487
610
1235
1731
1964
283
1226
2000
15
729
3005
484
567
924
1042
1075
1081
1413
219
1971
776
945
1191
2076
2112
2122
4038
232
274
411
710
1415
372
601
615
757
1030
1086
1169
1278
1307
1343
1787
660
857
1209
1576
1682
75
111
301
337
371
988
2296
92
335
370
551
829
1089
1308
1326
1612
1630
1720
314
962
1637
1698
2833
3169
33
96
306
490
691
782
1275
1296
492
600
3568
360
771
1027
1039
1045
1232
1285
13
2781
3101
794
838
1345
1434
1644
1711
1979
2068
2109
2168
1080
1639
6
332
343
354
825
827
1014
1043
1070
1836
828
901
963
1083
1100
1703
2033
2227
2341
2570
3513
861
1154
1594
250
679
807
929
1417
1552
1554
1946
2051
1693
222
240
355
833
2130
2211
2580
2945
3025
5000
217
1053
1060
2250
139
566
722
796
1134
1528
2306
2792
3112
887
1058
1251
2280
293
421
509
648
676
891
1012
1588
904
366
762
874
991
2139
2353
2759
3270
48
89
373
3083
4758
1727
19
80
174
229
440
535
547
697
805
628
1690
2067
192
291
342
505
516
789
812
898
943
3328
576
1025
1439
1628
2169
3212
309
486
513
591
764
1167
1602
2823
4768
50
341
491
636
669
926
994
1118
1059
1865
1978
2291
204
259
720
795
806
866
1029
1101
1977
284
1004
1272
1596
1785
2002
2017
2055
2059
2100
2203
2290
22
102
180
289
436
687
712
739
742
774
1102
1280
39
136
416
1033
1706
1749
1794
1872
1980
1982
2096
299
1231
1481
1493
2527
5
16
485
515
740
788
982
3514
2364
77
474
758
939
1289
1321
1609
1658
1849
1863
1625
2479
3353
62
124
195
200
267
503
607
639
1131
1
249
472
854
965
1062
1109
1123
1124
1665
1835
1906
1523
2089
3253
518
597
1122
1164
1556
1808
1984
2046
2120
755
913
934
950
1582
2162
2651
2746
2755
2946
3832
4065
1876
2836
3121
1114
1155
1537
1732
2104
2517
3152
3206
3240
561
888
907
1082
1337
1339
1424
1469
1516
1852
2015
2062
665
1498
1894
2049
2355
2848
2856
35
78
169
230
255
990
1071
1229
1427
1529
1548
2127
2275
2349
2542
2849
3341
3288
932
2111
2678
5015
26
29
40
202
393
409
461
1700
2245
2356
3604
3718
4151
4959
188
209
345
347
446
801
1476
3103
54
319
519
531
534
778
851
1016
1143
410
864
1555
2300
2352
2990
3580
31
198
263
444
504
1336
1520
1618
1678
203
426
656
713
1015
1147
1159
1163
543
1755
59
520
727
775
848
885
966
1017
1142
1224
2585
94
223
282
367
429
1148
1172
1214
1236
1320
1412
3706
280
357
602
666
835
1073
1110
1440
1460
1497
1522
735
2101
185
489
541
560
790
852
976
1204
1383
1397
473
25
427
453
521
900
1074
1583
1669
1743
1744
1754
1643
3610
275
352
369
1240
1271
1309
1499
1595
1642
1686
800
815
890
905
998
1253
1428
1445
1447
1453
1621
1655
1303
1566
1206
1217
1295
1365
1367
1368
1418
1692
1726
1728
1223
2882
4252
7
915
973
1061
1072
1201
1373
1416
1574
937
2038
2277
83
171
768
1210
1301
1387
1492
1539
1638
2008
2105
2539
104
272
563
625
655
878
951
1225
1341
1422
2001
2114
4874
27
780
952
1019
1390
1799
1843
1965
2498
95
626
1581
1605
1656
1738
1829
2035
2128
2148
2254
1260
145
578
956
989
1205
1606
1740
1792
1925
1950
2121
184
447
738
773
1108
1714
2060
2064
2165
2198
2205
2271
235
375
681
1449
1707
1789
2201
2438
2834
2900
3082
3148
130
1354
1801
1806
1991
2363
2424
2475
2623
2693
2721
2927
298
1020
1249
1436
1485
1505
1879
2719
2725
3681
4032
4118
1293
380
448
654
683
2158
3072
3924
4330
0
9
30
140
724
1972
2270
4255
4508
4848
2
10
36
52
55
2236
51
64
65
69
109
110
129
134
141
142
147
1471
1593
1786
1968
2462
2868
2869
60
70
133
146
170
573
585
642
935
953
1717
1846
2210
3316
4010
68
177
349
747
981
2097
2131
2670
2906
2961
4245
4602
14
38
2617
2629
178
260
270
276
300
327
368
383
384
424
841
1660
2086
2164
2602
2986
3342
3920
4027
157
179
243
819
1702
2260
2403
2837
3664
4218
242
435
437
438
452
2337
2437
4123
231
325
328
378
385
430
445
466
470
808
1314
2806
4649
308
507
514
562
572
586
634
635
2676
4988
290
412
525
526
538
580
633
649
734
761
2710
3238
57
672
688
711
751
787
840
842
844
846
1815
120
237
302
394
592
810
816
821
843
867
892
969
792
855
865
870
914
930
977
980
985
987
1007
1046
1526
1878
2344
3283
621
868
895
902
906
908
910
1162
2929
3390
4460
407
668
832
893
1018
1063
1098
1115
1736
297
659
903
911
917
936
1008
1037
1090
1152
1194
4014
117
125
218
1121
1128
1150
1151
1170
1219
1221
1234
2368
4142
730
899
971
1031
1041
1211
1222
1227
1237
1239
2979
919
1246
1252
1254
1299
1312
1325
1338
1357
1393
1401
2523
3680
820
1153
1245
1250
1256
1257
1324
1335
1358
1371
3183
1404
1425
1431
1441
1472
1473
1479
1480
1486
1491
1513
2982
1388
1396
1433
1442
1452
1487
1495
1496
1512
1514
1535
2622
1282
1466
1483
1531
1536
1543
1559
1561
1568
1570
1598
175
766
1129
1230
1456
1542
1549
1550
1580
1591
1592
1611
1718
2886
1316
1632
1635
1647
1664
1691
1704
1710
1713
1725
1636
1646
1650
1653
1666
1683
1694
1737
1742
1747
1753
1757
1457
1735
1759
1760
1761
1764
1773
1796
1798
1824
1827
1828
2807
1186
1541
1587
1589
1648
1763
1770
1795
1820
1823
1826
1830
1832
1837
1839
1850
1862
1890
1892
1941
1954
1957
1960
1127
1695
1840
1848
1858
1898
1924
1935
1936
1943
1955
1970
1813
1931
1963
2003
2024
2027
2034
2041
2044
2054
2061
2087
2584
190
1461
1867
1893
2043
2063
2098
2099
2103
2110
2115
1351
1882
2075
2118
2124
2140
2153
2161
2163
2170
2184
2206
1783
2094
2126
2144
2157
2185
2204
2215
2220
2221
2234
2237
2045
2047
2207
2213
2241
2246
2247
2248
2263
2264
2293
2303
1458
2171
2191
2243
2249
2262
2281
2288
2299
2307
2309
2317
1179
2188
2343
2346
2347
2362
2381
2385
2400
2410
2411
2412
2019
2022
2129
2333
2387
2393
2415
2426
2430
2432
2435
2453
1724
1934
2071
2420
2427
2448
2478
2487
2489
2491
2497
2524
1284
1619
2336
2464
2504
2552
2577
2583
2588
2596
2597
2613
612
1722
1729
2530
2558
2565
2568
2572
2587
2589
2609
2615
2621
2630
2645
2646
2648
2655
2677
2684
2685
2688
2689
2699
2256
2319
2331
2461
2519
2650
2654
2683
2686
2701
2705
2718
2706
2711
2727
2734
2738
2750
2756
2760
2774
2778
2779
2780
1947
2736
2754
2777
2785
2808
2816
2841
2851
2859
2864
2875
2818
2894
2899
2901
2923
2970
2972
2996
2998
3000
3012
3029
2879
2907
2921
2974
2975
2976
2980
3030
3035
3060
3069
3078
3088
3091
3099
3134
3163
3200
3204
3208
3273
3284
3297
3311
2178
2732
2786
2892
3106
3139
3157
3159
3191
3205
3298
3314
3356
3357
3380
3407
3479
3496
3550
3563
3575
3581
3591
3606
3333
3362
3364
3371
3435
3437
3441
3445
3465
3521
