# Socialbot infiltration (soc-advogato) -- initial bot positions
# total=252, network_nodes=5054, ratio=0.0499
2131
1088
3362
1376
2024
2615
2767
2090
4372
2029
3334
3252
3556
3166
3775
4711
3673
1784
4153
2458
187
1677
3494
3674
4266
4035
4773
4091
1756
1459
3466
1675
2373
3747
2322
2182
1653
3474
3884
2983
2729
2287
4452
424
4317
4139
5023
2446
3773
2212
2955
3326
1774
3977
4911
3373
5021
1657
652
1177
1034
4991
266
2426
2395
3431
2422
3394
269
4466
2543
3531
2119
3179
2811
1453
3097
1751
1377
3282
2387
4728
1953
4018
1990
1212
1290
1873
4146
3270
3345
2675
3089
3914
1999
4308
3295
4479
2253
1868
3299
3797
3508
4842
1187
4111
4963
2034
2921
1582
638
3920
2432
3388
4270
2248
2646
580
4291
2255
2797
1208
3390
2060
3893
2690
3075
1353
1127
2814
3224
2956
4106
1448
2225
2155
1662
2665
2065
842
2088
1565
3819
423
3795
1426
1619
3393
2404
4754
4378
1334
1439
3657
3891
426
2363
2144
4154
1788
4408
2669
4355
3559
3061
1567
4325
2488
524
4215
4336
2613
1037
3933
2563
2490
2191
2006
3874
3889
3115
2822
4921
1149
5003
1132
1646
2801
4776
2011
3538
175
4267
3162
4822
1810
3473
331
4493
3478
4722
2199
1117
4028
3973
3348
138
4105
3034
4508
2102
1978
1899
2832
3988
3302
2417
3897
3320
4348
2418
4220
4221
3042
4481
1611
2860
148
2696
4739
2415
1984
4659
1759
2825
3906
1193
1178
3630
2411
3339
1243
149
3437
2305
2809
2376
2556
4363
2187
2233
2005
