# Adaptive Katz removed nodes
0
1
3
4
5
6
7
8
9
10
11
12
13
14
15
16
17
18
19
20
21
22
23
25
26
27
28
29
30
31
32
33
34
36
38
39
40
41
42
43
44
45
46
47
48
49
50
52
53
54
55
57
58
59
60
63
64
65
66
67
68
69
70
71
72
73
75
76
77
78
79
80
82
84
85
86
88
90
91
92
94
95
96
97
99
101
102
103
104
105
106
107
109
110
111
113
117
119
121
122
123
124
127
128
130
132
133
134
135
136
138
139
141
142
144
145
147
148
149
150
151
152
154
155
157
159
162
165
166
167
168
169
170
171
172
173
174
177
179
180
181
182
183
184
185
187
188
191
192
194
195
196
197
200
201
202
204
206
209
211
212
216
217
222
225
227
230
232
234
235
236
240
243
246
249
250
251
254
256
258
262
263
266
270
271
272
277
280
284
286
287
289
290
292
293
295
298
301
304
313
314
315
318
322
323
324
326
329
330
331
333
337
338
340
341
344
345
348
349
351
354
357
358
361
363
364
366
369
371
372
374
375
376
377
379
382
384
390
395
397
401
403
404
405
407
410
411
412
417
419
420
421
422
424
429
430
431
434
436
438
442
443
446
453
456
468
469
472
473
477
478
479
483
484
497
498
501
503
509
511
513
519
528
530
532
534
535
538
540
542
543
545
547
552
564
566
567
569
575
580
587
589
593
595
597
602
608
609
611
622
632
634
643
646
649
650
651
653
660
661
663
665
673
679
683
685
695
696
697
703
704
707
709
710
711
726
732
755
762
766
767
769
775
779
784
788
789
806
807
808
810
812
822
829
835
845
852
858
859
866
876
893
897
898
900
909
920
922
926
939
944
960
964
976
985
988
997
1013
1023
