# Adaptive TD removed nodes
0
1
2
3
4
5
6
7
8
9
10
11
12
13
14
15
16
17
18
19
20
21
22
23
24
25
26
27
28
29
30
31
32
33
34
35
36
37
38
39
40
41
42
43
44
45
46
47
48
49
50
51
52
53
54
55
56
57
58
59
60
61
62
63
64
65
66
67
68
69
70
71
72
73
74
75
76
77
78
79
80
81
82
83
84
85
86
87
88
89
90
91
92
93
94
95
96
97
98
99
100
101
102
103
104
105
106
107
109
110
111
112
113
114
115
116
117
119
120
121
122
123
124
125
126
127
128
129
130
131
132
133
134
135
136
137
138
139
140
141
142
144
145
147
148
149
150
152
153
154
155
156
157
159
160
161
163
165
166
167
168
169
170
171
173
174
175
176
177
179
180
181
182
183
184
185
186
187
188
189
190
191
192
193
194
195
196
197
198
199
200
201
202
204
205
206
207
208
210
211
212
213
216
217
219
220
224
225
227
228
229
231
232
234
235
236
237
239
240
241
242
243
245
246
247
248
249
250
251
252
254
255
256
257
258
259
263
264
265
266
269
270
271
272
273
276
277
279
280
283
284
285
286
287
290
292
293
295
296
298
299
301
302
304
306
307
311
313
314
319
322
323
324
326
327
329
330
331
333
337
338
341
344
345
349
350
351
355
356
357
358
364
366
368
371
372
374
376
377
378
379
380
381
384
385
387
395
397
400
401
403
404
405
407
408
410
411
414
415
417
418
420
421
422
423
424
426
429
430
431
433
436
437
438
439
441
442
444
449
450
453
455
456
459
461
465
467
469
470
472
480
484
489
491
495
498
499
500
504
505
507
513
514
516
517
522
523
524
530
534
536
543
545
547
553
560
562
565
566
571
572
581
584
589
591
595
597
598
602
611
617
622
643
649
650
655
661
685
694
703
705
709
714
715
738
740
749
764
767
772
788
799
803
816
828
830
848
861
862
878
897
902
906
911
912
950
971
984
1009
1013
