# Adaptive TIA removed nodes
0
1
3
4
5
6
7
8
9
10
11
12
13
14
15
16
17
18
19
20
21
22
23
24
25
26
27
28
29
30
31
32
33
34
36
38
39
40
41
42
43
44
45
46
47
48
49
50
51
52
53
54
55
57
58
59
60
62
63
64
65
66
67
68
69
70
71
72
73
74
75
76
77
78
79
80
81
82
83
84
85
86
87
88
90
91
92
94
95
96
97
99
100
101
102
103
104
105
106
109
111
112
113
114
115
116
117
119
121
122
123
124
125
127
128
129
130
131
132
133
134
135
138
139
140
144
145
146
147
148
149
150
151
152
153
155
156
157
160
162
163
165
167
168
169
170
171
173
176
177
179
180
182
183
184
186
187
188
192
195
197
200
201
202
205
206
208
211
212
214
216
217
220
225
227
230
234
236
243
246
249
251
254
256
257
258
261
262
263
265
266
270
274
275
277
280
284
285
286
287
292
293
294
295
296
298
299
302
304
306
312
314
322
323
324
326
327
329
330
337
341
344
345
348
349
350
351
352
354
356
357
358
361
363
364
366
371
376
377
378
379
380
382
384
385
388
397
398
399
401
403
404
405
407
412
415
417
418
419
422
424
426
429
431
434
436
437
442
443
444
446
450
458
461
467
469
470
472
478
484
489
499
501
522
523
524
525
528
530
532
534
535
536
539
543
545
547
554
564
565
576
580
583
587
589
591
611
617
643
650
651
653
658
664
685
688
697
707
708
709
711
724
732
738
764
766
771
776
806
808
816
820
822
829
837
843
867
878
882
893
898
907
933
940
969
1001
