# GNN-RL removed nodes
0
1
3
5
6
7
8
9
10
11
12
13
14
15
17
19
21
22
23
25
26
28
29
30
31
32
33
37
38
39
40
41
42
43
44
46
47
49
50
52
53
54
55
58
59
64
65
66
68
71
72
77
78
80
82
84
85
89
90
95
96
97
99
100
101
102
104
105
106
110
111
113
118
119
121
124
125
132
134
135
143
150
151
155
157
160
165
169
171
173
179
182
186
187
188
193
197
200
201
208
212
216
217
220
221
225
243
246
247
250
262
267
270
274
277
280
282
284
293
294
296
298
299
304
327
330
336
337
341
342
351
352
356
358
363
366
371
377
379
404
405
422
436
437
443
444
445
446
473
480
484
489
499
522
524
525
617
656
706
711
724
750
785
789
812
827
829
893
926
950
1011
