# final target nodes — method=TD λ=20 seed=623415497
6144
7173
7175
5128
5138
6165
6678
7708
541
3110
6187
3629
4146
7219
5174
4664
7737
5691
3646
7743
7234
6722
6212
4164
2628
6729
6730
3149
4689
7762
5713
6737
4184
3164
6237
5726
4705
6753
3171
7781
7275
5741
7278
6257
5234
7794
5749
7286
5240
5755
5760
2689
5765
650
3723
3727
5775
5779
6293
6297
6299
3742
4255
6303
6820
3749
7338
171
6830
7345
6322
6834
4273
4790
7357
7360
7364
7366
5830
6854
6856
4299
5837
5840
5842
5844
3806
7391
7394
6883
7400
2281
3818
7405
4846
6894
1263
5869
7411
5876
7417
4346
4353
3335
5896
6407
6921
2827
6924
7436
3854
7440
2320
2321
4884
7445
6421
6936
3869
5406
6433
4385
3875
7461
6949
6439
5416
1321
4396
3884
6451
3382
6966
6456
7481
5435
5438
6467
6471
7495
5961
5452
4941
6990
6479
4944
4430
7507
5971
4949
3411
7511
6998
5465
7514
4438
7004
7516
5471
1889
6499
1891
5482
2927
7535
4464
7538
1907
4977
5999
3958
6519
379
7550
4992
7553
7042
6017
7555
6021
5509
7049
7564
7573
1941
6551
3996
3488
5536
4003
7075
6053
6569
5034
6572
7597
7086
6063
5044
7093
2486
6070
3513
4025
2490
7612
4032
7112
5576
5578
6603
6091
6097
4050
3026
6614
6621
3549
2525
3553
6113
2533
5605
5094
3048
6117
6120
7148
7663
5616
4081
6645
4086
6650
6143
