# final target nodes — method=TIA λ=20 seed=623415497
5126
5646
6673
7185
1555
3604
3092
2070
5142
4630
1557
5146
2072
6174
3617
5669
5161
1069
2045
6197
5687
4157
2621
5694
3140
7241
5709
79
1616
1108
4184
1625
3163
5723
3165
6238
7263
4701
2657
6248
3177
5740
3183
5748
5750
3707
7291
4220
125
5760
2177
130
5763
6276
3715
3718
5765
4753
5778
2195
5781
5784
3226
1691
6304
4260
6822
3750
174
4786
2741
2230
6326
6840
6841
6843
7357
5824
7361
5827
6852
197
5828
3273
202
5324
4303
4815
5841
7674
3804
7393
6883
4844
5357
1262
7406
5358
1265
6898
243
6391
7418
5371
2301
2814
3839
6400
257
1277
3332
6406
4359
263
3335
7434
6920
2830
6928
7441
4882
6934
1303
3865
2842
4891
3868
285
4894
2339
3879
6441
299
6444
7469
6454
7479
1335
4921
2362
4925
1345
1351
7498
2380
5965
6988
4431
3917
6481
7504
1876
345
4442
349
2910
6493
7518
5985
7522
5990
3435
4975
367
7024
370
7539
3443
1910
3959
3960
7034
6011
4990
7041
6018
1411
4493
7566
3981
5524
3989
7590
935
6569
5552
5041
4018
5553
5044
5045
5557
4021
4536
7609
6585
6073
2997
5565
5054
5567
7610
4537
4034
4035
5061
5062
4039
7112
4041
7633
2514
4565
5078
5593
5083
2523
3549
4060
5087
3040
3041
3036
3043
7657
3566
6644
4598
2038
3064
5113
506
1021
6654
7167
