# final target nodes — method=GNN_RL λ=20 seed=623415497
4096
3587
4
5637
10
5645
1038
7182
6678
4120
5148
3101
3105
6690
1059
6692
5155
4145
5683
6201
2618
5694
6720
3137
4674
5699
3141
7752
6728
76
1613
3149
2127
2639
5721
6747
3167
3168
5729
1635
6756
3173
4709
3688
4200
6253
110
622
4717
6257
7277
629
7797
6263
3703
5753
7290
3195
3707
631
5751
5759
5760
1666
4740
5766
6281
3721
5776
145
5779
147
4248
665
6810
4760
4250
5789
4253
4769
3236
5798
6312
6825
5805
7349
4277
183
5815
5817
3766
4285
7358
6845
6852
199
6857
5835
4813
4814
214
218
6876
1760
5344
2273
4835
7395
3300
5863
2284
6893
5872
5873
5875
244
6900
5878
1785
6404
7428
262
2311
2313
7433
7434
2828
3855
784
7440
6419
5911
3864
7449
283
284
7455
6432
2849
5924
294
7466
3882
3883
1837
4915
1852
3391
1863
4423
2889
5451
4945
6482
4947
2389
4950
855
4949
5978
1883
7523
5988
5478
6503
2920
3945
7531
2413
1391
3441
887
5495
378
4988
4990
4991
6014
7553
1411
1415
7050
2445
2453
7573
7063
1432
5018
3995
7066
7582
5022
2976
1952
5027
7590
5544
6068
5557
4532
1973
6584
7094
7098
5563
443
4539
5053
7100
6076
4544
5570
1474
7622
7112
7627
4045
5582
3024
4561
6610
5590
4056
2523
3552
3563
5612
7149
1517
7664
2544
4081
5621
6653
4606
