# final target nodes — method=Katz λ=20 seed=623415497
6145
1537
1539
6152
6666
526
3599
5140
23
2583
7192
5659
2076
6687
6176
7202
4647
7209
1578
7727
1588
5174
2615
56
5177
5692
2629
4165
3141
7240
6215
3151
5202
5715
5722
5725
4701
6750
3171
3684
3683
5732
2156
5743
7281
7800
1146
3706
127
4739
5771
4748
2189
142
4753
5778
6806
2201
3738
1179
4250
671
5792
4769
6815
2218
3249
5811
5814
6327
5303
3769
6329
4797
1216
5827
4291
3270
2760
6856
5322
5835
3789
6864
1234
6866
725
1750
7384
6878
4320
7395
3299
6371
6888
7404
7406
5871
5359
2801
1781
7414
5880
2808
2303
770
3842
6406
3335
2823
2828
1293
4877
4365
3856
269
4364
2321
6932
6420
5391
5904
3864
6940
3869
2847
6432
4385
4898
3875
2337
4392
3884
7469
6451
7476
3386
3391
6471
7495
2375
3400
6989
5453
6480
6482
4947
341
855
7512
4439
859
7515
1373
5983
1888
5985
3938
5991
1895
360
5995
4976
2416
3440
6517
1910
6006
3960
2425
378
3964
7037
1919
7040
7552
386
7043
6020
5508
902
4999
3464
7560
5516
2447
3471
5519
5007
6547
2963
7575
3991
411
5019
7581
1951
6047
1442
5027
6565
935
7081
6057
7598
6063
7088
947
4027
2493
5566
5063
7627
7629
467
5076
6613
2516
471
5592
4570
3036
3550
2015
2530
6116
2021
7142
6630
3568
7160
4601
6651
1532
2045
