# Fugitive chase (Rome transit) -- initial fugitive positions
# total=235, network_nodes=7836, ratio=0.0300
4371
1965
6566
2338
2698
2668
7386
6690
5726
7271
5053
7581
5868
7624
7577
6648
5978
1883
3102
2628
6053
3168
4080
5044
4994
3040
3146
4185
855
364
2162
5146
2703
2875
7007
7590
1255
5413
132
7778
3141
6598
5568
140
6810
4940
3342
5344
1941
2619
2321
6749
7798
1320
5143
3884
5510
3151
283
3177
5607
7523
3552
110
954
146
7034
3113
3563
1886
5783
5760
7171
1277
3553
4793
6235
6736
262
5234
300
7112
7177
5843
7595
6843
6420
6398
5019
5605
5152
7152
4713
1907
622
3077
2622
2076
5027
6469
4035
3175
6822
4930
4069
6485
2214
4118
2598
3731
7397
4794
3917
3918
2547
5148
5178
5805
7111
5576
2756
218
6263
3883
5827
4261
5467
7441
4760
5924
5120
3585
5274
5855
4210
5729
6144
5397
2171
7286
390
665
3888
3646
3740
6989
2320
1881
2820
239
412
1415
6596
5818
4508
5955
7513
838
6899
2597
5470
3164
5875
4603
2038
4253
7455
3149
2773
294
5715
3806
1038
3135
6394
5653
4081
6921
6842
5388
7046
6397
5657
1665
1412
6078
7062
7179
4763
7149
3587
6325
3658
7539
7094
3080
4764
7407
7039
7098
7357
3236
6291
3947
3110
3659
7664
5761
7545
6640
5730
3971
5713
5130
7063
1288
6145
7789
6433
211
3865
2927
2362
4041
6780
4783
5354
7282
2691
4674
5844
715
7726
4290
7100
