# removed nodes — method=Katz λ=20 seed=623415497
3176
2319
6147
539
5777
3150
3916
2417
1413
5018
198
29
1906
1940
164
7527
3894
2958
3702
3237
2829
5937
4825
2750
1248
184
2759
2454
6074
2924
5392
7092
3161
7454
498
2798
501
2151
3032
1853
520
4562
4791
2228
200
7687
2481
2387
137
6716
1892
1890
4851
1982
2480
5587
387
2925
2541
3920
2163
5589
3686
17
5240
1095
2718
1560
4169
2735
3228
6928
4608
7208
7786
7389
2775
40
4541
3246
1388
4109
4540
2236
2754
5926
3106
5158
5849
5878
159
2512
3153
5862
1110
5927
2325
2630
2567
7628
2290
6570
5251
3104
5932
6436
5863
120
6188
5269
5939
442
2996
5852
5225
5640
802
5744
4126
3541
5136
4024
100
955
3054
4767
538
5959
3292
4855
2240
5235
2328
3725
6479
2179
5231
178
5808
5934
33
5480
5889
7723
5555
841
7693
7751
5529
1862
6430
3049
2693
3023
2071
1585
540
125
1633
1978
3688
549
3107
2716
5530
3001
3018
500
7497
7331
7776
920
615
3019
6418
2068
3892
7200
1275
1299
249
2198
826
5845
4303
7201
5840
582
167
292
4950
2404
2072
6437
2035
124
3159
5839
2778
829
2800
6294
7683
1430
3651
827
1322
3170
234
4032
5813
3093
3174
3102
585
5504
2040
5131
5758
5565
4269
1936
1048
2849
7198
2802
1276
1414
1911
1094
2666
3407
1971
5836
5081
1885
5507
3495
1943
7607
6881
3030
2526
1044
2456
2799
3594
1089
5616
5520
5752
2060
7597
3881
5048
6426
1779
6887
7341
7203
6442
1356
5591
1630
460
427
459
273
425
6742
6323
1956
6738
3398
764
808
3997
3155
6310
6661
810
3996
285
3132
3990
1589
3439
6886
2449
6193
3882
6192
6061
5815
3860
367
5716
3280
3929
7567
7054
3303
3943
7802
2067
6601
3053
183
326
389
7763
2139
3993
1512
2632
286
2675
6486
3173
4322
4892
6368
7692
4324
6367
2161
4926
562
7654
7720
4744
2743
4716
3515
5137
5945
6732
3859
5693
3098
6238
2708
4377
5819
2972
1108
5826
978
174
2822
5755
4974
7780
6230
7804
5625
2229
4028
2226
6481
7553
5506
6195
1926
1927
6893
564
5708
1530
220
172
563
2065
2518
5347
6052
4249
1316
4721
3615
5276
398
1317
4722
2794
1082
3322
4949
3443
4031
1104
7177
3423
439
3217
2016
1042
461
521
4997
6660
547
377
1147
763
7373
2050
4737
5973
3229
6227
5328
3243
4834
5523
4945
257
7067
7708
7655
422
423
5947
1579
5522
7526
108
4913
3855
394
4782
579
6252
5377
2572
6315
2560
103
5130
2504
806
645
397
1813
1840
5664
4796
3876
3408
2465
3422
7689
807
2495
396
3663
4799
6504
1747
4965
7602
4819
7735
735
7733
7665
3788
222
3735
6752
6496
1764
5393
2467
395
6628
5622
7662
6748
2622
441
3458
3417
3746
4729
4375
4757
2768
2244
1583
3027
146
4651
7688
440
3074
5665
2210
2934
3121
1748
7744
4848
2322
1749
4984
2200
5001
3493
5370
3871
3058
3591
3877
5837
5279
2783
3409
5619
309
304
305
302
2797
306
2724
7728
3216
6835
5723
573
1372
5749
2667
3310
2457
4728
1784
3274
5406
1078
7480
5402
5746
5563
3262
599
7772
7766
4720
7220
1904
7210
3383
3463
6586
3482
5736
1177
313
6207
5424
1266
5851
4393
1030
1116
5477
1682
1031
762
7343
6265
7706
6206
15
5242
6611
6226
6467
26
4542
7622
9
4110
5009
7030
4205
1223
4168
5016
7029
1200
4955
117
118
5366
3781
1077
6174
4775
5367
5401
138
776
7699
3086
3118
571
3116
5356
4055
7695
4034
781
782
42
6168
4039
4078
3266
2827
2826
1107
692
1036
3672
3349
1976
1699
5006
3787
5398
3992
202
5368
1887
3350
2941
7651
7120
1901
2983
7685
2720
3128
716
682
695
1279
6377
6
5833
5785
2436
3199
2431
3811
1925
3205
6289
2732
2031
1291
5726
1621
2510
1395
465
3913
2786
2542
2981
1582
2978
3679
4053
2956
2945
1068
5468
1499
7490
7484
2487
7473
4262
2539
2364
515
1229
7273
746
7
4286
1739
1814
1850
7525
2052
3939
3910
3861
7028
5427
25
4263
1797
5731
4765
3426
2787
7264
7729
4103
6926
7736
4967
5741
518
1365
1204
3814
722
3008
7317
2485
4885
4886
245
4093
5466
1873
7306
6295
2717
6113
4087
2383
4085
7295
1268
1101
1026
6285
5977
3474
7015
3415
4743
1118
2464
189
1034
2500
3029
2506
4332
3644
3296
3729
3793
3291
6234
2791
1825
1314
2890
600
894
2433
1247
325
3485
1946
7369
6618
7698
1725
7748
6867
2811
2812
2174
6531
3080
3935
1400
5483
1405
1167
5088
2178
4776
1144
1267
1306
5357
2458
2940
5442
2194
1484
1872
6935
1870
906
6931
2434
895
4905
7347
3251
7323
5829
4779
5823
4607
7288
4774
6921
5447
1099
7696
3253
7321
5422
2204
7667
6460
7718
799
5445
561
4589
7145
2399
2381
921
1602
7350
4201
7346
5825
2336
4605
674
5421
2414
153
5594
2171
496
4956
497
1436
1137
2789
4581
1273
170
2616
6770
7089
5584
510
4598
1455
3219
7014
5986
2617
4394
6621
3800
6463
5187
7207
2288
3866
3565
6019
6925
3597
5989
5189
5434
2469
805
6299
2673
1346
2003
6119
6999
217
6217
6338
1998
773
1017
3431
7057
5635
3345
875
3157
447
2408
3648
7775
952
433
1489
1511
4556
553
1124
310
643
435
7737
308
1028
1014
5358
4816
7146
5699
2195
4798
1149
708
6937
1126
647
3778
569
2633
2782
353
2536
436
1894
3942
2332
3818
3852
3741
1628
2860
3903
2851
771
4619
2865
3193
101
4280
1921
6456
2613
3062
6004
6591
6262
6003
1575
2173
1893
3435
3293
1271
2294
912
7151
6071
2297
252
6115
5213
27
414
7542
3284
6846
2049
6218
2844
3083
355
3804
507
6378
3428
1205
6710
6177
83
4112
7312
2287
5302
5074
5409
1694
5339
6268
4667
6987
6581
627
6711
1923
21
3718
1698
2046
331
7315
4404
1723
6244
4266
7301
5090
7538
5166
7342
1151
2686
1210
7328
6969
5795
5791
885
4800
5438
84
3218
513
2650
2155
5188
336
737
4668
738
2602
4188
382
1132
890
2340
918
2747
1996
7167
297
1488
1514
1617
338
7730
2713
1498
7648
2738
6933
4254
4256
1143
3600
1178
6149
1918
5271
1597
7821
7799
2269
3414
525
4451
2576
1209
4382
6667
1122
1281
3548
5700
2770
2604
5559
3227
687
5648
6680
384
7760
327
6159
4407
1997
4821
1915
1619
1916
2880
5999
3595
4411
7740
3954
1352
519
463
5899
3333
4730
3334
6009
3324
2600
3065
192
5649
6205
2579
3760
2878
2370
4395
3002
7405
3014
303
177
3005
1485
2643
7710
6172
5270
6180
3821
2267
6103
1383
787
3912
158
479
492
2748
5191
1067
5960
2644
1073
7027
6379
5287
6066
544
2474
3843
2245
5627
7477
4271
3733
2874
2736
6224
1303
2314
1450
1737
1650
2263
3367
6208
6242
1382
7216
4001
193
4396
910
2954
3986
3358
3265
3491
2591
4526
2441
3203
4528
2955
7721
1328
2962
2684
2051
713
296
4958
6183
5695
351
275
6359
4836
2191
66
7077
2258
1371
1284
7385
2496
5644
268
3308
1649
272
3309
4346
7380
1434
7382
2373
2509
3004
7322
2561
522
3784
6573
278
1211
2253
1516
2168
1406
41
864
3522
6072
2763
7806
7828
6872
3384
3797
6764
1468
5124
1379
3922
420
1509
290
1459
1244
7638
7672
7548
1556
1243
6274
4745
150
6225
1527
3091
2220
2166
754
3247
6286
7305
6122
638
4358
636
7796
1547
3066
3477
2221
793
2129
6633
7631
4593
5611
3503
873
2898
4139
6968
1374
975
2553
6683
5497
1751
2409
5492
4308
987
3636
1272
4007
2
1377
3976
7690
2662
4044
324
7761
4004
2744
5050
6318
3610
3576
7726
949
3631
907
3645
3007
1252
915
3380
4005
5053
4529
7712
3378
898
3010
6360
4288
1458
3820
4138
2897
3289
3670
7021
2626
2973
1480
4802
3952
2491
3389
6107
4446
5779
3377
3529
3390
2034
5489
620
2149
185
4343
3764
2984
6080
5446
2655
1185
5943
1761
5918
2259
3721
1864
2902
6521
6919
2903
3445
7123
3580
2147
2915
2205
1881
3803
115
3858
1494
6992
3756
60
6757
2870
6151
2411
5122
406
2260
5976
3373
6978
2183
5204
2412
7351
530
2682
2649
4224
529
2648
1679
95
231
6267
815
1245
814
531
1423
5310
1782
3252
3112
4523
5170
5171
3768
533
1476
2868
329
7108
830
3739
2766
6354
3379
7386
1242
4481
7193
1913
6429
6070
4962
3857
1055
2423
4599
4880
4391
2872
2030
3490
2676
2661
2562
559
1930
560
1562
6944
851
6792
2122
1877
3145
7011
1681
7107
5260
4924
82
2740
6500
3238
523
1631
5514
6794
5712
2443
5660
5658
5527
4519
3544
6609
1290
3531
5229
4545
4226
1351
2840
3863
4697
4315
3052
2281
4025
1607
1606
1605
4483
2792
4491
6126
1453
6497
3304
4378
194
2142
4480
4870
675
1344
677
3961
1953
2160
2680
1079
986
2283
4895
7399
2681
4521
6140
5440
3044
7743
1222
1608
1221
891
4695
4215
728
7325
4751
893
4534
2093
7230
1789
821
1225
7227
5147
7344
1360
7829
5578
3496
1076
3156
190
7252
3662
5429
1029
6362
3766
5248
7396
1609
7269
2848
5342
4436
7228
5494
5454
2478
5015
4952
7248
5458
2382
6305
4402
7326
7788
1525
2108
1292
7354
4690
7166
4624
3357
2091
5343
997
1307
4268
914
2199
7274
6828
3476
6594
6713
1446
2146
4164
5433
6869
7759
7754
3963
1447
824
7388
4704
3356
2141
2243
1348
7625
7661
6458
2355
2343
7417
760
4184
1788
2134
1688
5919
7075
2448
7084
2344
6123
5290
468
4482
6311
5498
2950
7589
6164
6498
7646
2089
7832
5259
3319
979
6233
6695
2115
2354
3259
7159
2087
2299
731
2788
7254
4516
5083
7826
1312
5385
755
3370
6014
4626
6106
3682
903
3478
1246
5381
2116
7678
7644
2953
758
7620
4714
4212
7235
7812
7833
7677
4632
4193
4116
2083
4363
1120
3297
3573
3085
3988
7236
6118
1343
2652
5549
2784
6955
7613
24
592
1804
4279
2022
1439
6007
4844
734
7374
7704
5914
4839
2422
4635
1827
366
6812
2078
1987
1127
4719
6001
2573
4676
2574
6814
1928
5913
1958
888
3365
1125
7559
3366
4688
5404
4420
740
2795
6990
5417
35
1172
7716
679
6702
7814
6088
769
2861
4893
6270
1212
4687
4995
7534
416
1684
4679
2053
789
3641
7334
3331
5908
3371
3453
7642
380
6506
4981
7586
3634
7485
4390
207
3937
7412
1195
7767
1569
7676
5962
4678
2224
5345
694
3905
4660
4638
6817
135
2359
723
4124
1551
6701
4859
4642
2594
4644
3520
345
1471
1486
5224
1746
2699
5706
3558
1931
3620
6297
2044
376
358
7674
3772
2057
455
4408
1410
3189
357
1236
3480
3931
5901
4111
772
374
1806
4486
1845
7773
3313
4151
4990
3830
4380
2353
5383
3744
1472
1087
5784
3602
5037
3261
4584
3315
4319
7330
7241
3742
2351
2393
4490
6976
2918
5980
2554
7478
1945
7349
3213
3353
1990
3212
4337
348
4985
905
2670
2746
1734
3403
5423
4512
4563
7725
6942
1975
624
1333
5762
4362
6326
2714
1709
2019
941
3402
5077
701
1181
1722
602
4903
7141
512
7781
1828
3745
7364
5598
6449
4410
251
4978
1399
739
4437
1381
3508
842
4991
6689
6654
729
1759
5278
3
6194
2058
6413
5164
1037
4727
613
7741
5426
7232
7239
3834
7556
4443
6734
3734
6954
6049
3197
1524
3196
3897
409
6608
2593
7817
4298
1150
3613
7263
6995
3250
7000
7327
6548
2120
4049
6365
1807
1753
3498
8
688
4653
804
617
5739
2126
2688
6109
258
5300
7122
5968
2028
2036
3509
3526
5473
6175
5748
2494
129
6906
5033
4084
962
365
4373
4612
6800
942
6568
4413
3950
1319
3967
3667
6120
3837
3194
4633
5389
611
811
1896
7424
6923
7125
4334
3955
2190
6616
6324
283
2349
6220
344
3206
413
633
678
858
6779
1513
1949
6897
6016
388
2377
3584
4278
4914
2374
3421
2548
6590
933
5193
7137
4317
5052
6686
6777
5992
73
5612
3792
1477
878
3452
4726
5577
863
7530
2300
4996
751
5025
36
593
4434
1359
2185
6112
3590
3427
6435
6022
6629
6655
4135
5214
4247
4206
2961
5029
3457
5990
5769
4663
1981
2995
2442
4040
3783
6623
4596
2323
371
1969
5227
2219
2233
943
7345
1985
3211
2873
6627
5881
849
956
4246
7226
5185
229
2533
2582
511
1278
1214
6186
4143
971
4812
4565
856
4245
4569
2032
892
4826
6044
3449
3873
4457
5181
5952
4440
1847
4194
3813
4329
2780
6962
909
6877
4218
7793
1938
5217
2586
4692
2989
3914
2406
1534
5491
3940
3446
5294
883
6551
2483
2366
6712
6971
2986
4163
948
4189
2664
6539
889
3000
5218
4694
1019
5776
6178
3344
4289
6105
3430
7219
3693
6058
3258
4675
5572
5175
6537
4749
1341
1538
661
1541
3181
2216
7436
834
6538
1237
5173
3269
2601
5974
5558
6991
4453
5419
2296
458
1543
1428
7109
5799
5080
2551
6656
7578
6789
4809
1714
6250
4808
6605
3188
2964
3751
900
5408
1238
919
1260
3714
3640
2994
1451
3248
3233
4992
4837
2118
1715
7809
2098
1131
450
453
7314
1952
621
7499
535
1324
846
711
2312
7265
2935
3311
4781
3277
5719
5867
4702
4190
3254
1332
3675
7376
2739
5349
7304
6719
4636
5501
2528
1663
6203
3222
7824
3773
2426
1993
5182
3396
2307
3448
5011
2524
1280
6328
2298
2075
4899
2181
938
3465
4341
6150
974
4549
141
6416
3182
5801
2866
1719
48
2042
4932
7333
3710
3454
7636
1920
7138
16
3134
4879
3425
1610
4265
2566
6836
5560
503
4061
5821
4987
2804
2776
316
6261
6865
4929
1545
4361
6953
4301
5721
2817
6283
7653
2056
4203
7090
2809
5515
7585
7276
1335
346
6861
5360
5946
7262
3724
6332
1603
3043
3207
7453
6076
5922
3535
3467
1798
143
381
6650
3239
6599
5781
4517
2779
2545
7008
4655
4891
2429
134
46
5982
5955
1776
7318
3369
3699
1136
2841
4400
7432
7551
1342
7267
3394
5363
1898
663
3340
321
1174
4689
3692
3127
6010
3586
2276
1777
2153
3968
6681
2803
1891
6739
871
3642
1240
6317
4953
3868
6862
6943
1375
3853
3749
988
3337
3472
6572
323
186
6839
4388
319
1780
2479
1871
926
4927
2157
4936
3214
3528
5668
2864
3722
2656
5745
1533
318
4806
7544
2914
1347
2069
3666
7550
2107
5788
5794
342
236
4325
2435
4306
1768
3630
3753
2646
524
4352
4242
2939
6356
6343
2669
3785
5143
3791
7339
4344
1632
6259
6260
4792
5509
6216
2532
1020
951
6468
4887
6746
3234
5106
5220
6419
3459
7713
7379
1345
3801
2241
3736
1644
1718
1645
1646
1643
1721
1642
6101
132
2376
6073
7196
133
1490
4384
2073
3588
5724
6980
2492
2455
6050
1999
7101
6173
5351
6855
4766
6484
139
1712
5334
5866
6025
2335
335
6027
2000
1180
2334
4153
923
3847
913
6571
7503
2522
4583
1836
937
6597
6811
4738
1231
3264
332
2017
7158
354
5602
5869
3956
5540
7482
1011
852
2133
6370
1061
6017
4237
2938
2130
623
2700
551
45
6545
7299
6804
5500
224
4252
5036
3687
924
5296
1559
2460
7717
2581
1772
4260
1970
5028
7470
7094
2405
7336
581
5414
4461
4258
5326
4240
2585
4820
6875
6012
2463
4009
1729
6522
583
7746
5678
343
4397
1857
7324
4458
2818
586
5337
1808
2348
1353
2926
7466
5890
2176
7099
3100
3923
494
7513
6405
6542
6534
1070
3399
4686
1550
3301
3095
1841
6808
7660
6966
3958
1773
5902
2432
5718
91
1331
6322
2527
61
5654
637
6883
7282
5729
5585
2816
4065
3114
2951
1235
4294
3525
925
5763
4664
6647
5128
5479
1310
1763
3412
7479
5816
6879
432
2140
5323
4971
3694
4861
3195
4173
528
1680
54
5885
2599
5595
4356
5238
7410
6214
5013
5607
2762
4902
3099
2054
730
5205
868
4606
2475
5079
5379
6170
480
7153
7284
1769
6474
3779
2010
4290
2197
1805
630
4934
1305
6740
1574
6685
2922
5002
131
3288
5314
7640
1724
4217
4682
299
2603
6725
4762
6756
7407
5463
3715
2232
946
2182
4099
58
5544
3026
4282
3090
187
2830
4127
7416
1838
5089
5141
3839
2285
3809
2154
291
5603
4038
5557
7595
7603
1
1338
7400
7307
3143
6391
6232
7579
7464
1129
4648
2402
6649
7070
4487
1842
2614
4399
1544
7543
7076
6117
90
206
4973
3701
7035
3972
2672
5021
5809
5954
62
1803
3046
4922
4645
2235
5179
5082
4665
4160
1989
5761
474
1540
1112
4063
6319
5583
3552
7657
2144
5576
475
1287
1230
