# removed nodes — method=TIA λ=20 seed=623415497
7777
1035
4757
7725
7727
7790
2161
2165
413
442
5343
29
389
4721
4722
1599
2349
4625
15
354
385
826
326
7712
301
5849
4128
920
7817
111
6261
5591
4123
9
184
7336
5347
193
5559
6203
2178
507
1107
7655
40
2988
335
1468
4737
1512
1636
5862
5878
30
33
1095
582
2465
1040
873
1448
2134
2140
4471
4758
7796
795
1042
3308
3310
2464
2504
508
6764
7684
240
251
5016
2431
2116
7678
2890
7221
7258
6310
170
217
321
5279
5277
500
2794
2780
3942
2802
3001
3017
7644
3810
6193
6195
1981
6867
2975
7763
2174
4729
7548
270
6489
3426
2328
2049
4756
2718
7766
5477
6413
6519
641
2717
336
7775
4205
5424
4952
1252
1395
1594
2958
5392
1596
1654
2918
1247
2210
4638
603
2736
4825
3062
3662
1621
374
338
361
688
3548
6340
3199
4151
4538
6647
4602
2307
358
763
7758
4778
5462
3593
7761
1874
4012
6311
3913
3364
6317
7780
1779
1840
6620
521
2708
752
2935
1365
5507
5555
6227
131
2243
4306
6571
501
586
2667
7706
7708
333
187
4315
2567
544
723
6886
5042
5048
3897
2414
613
2783
3261
5443
1870
17
2068
6285
2519
1438
6180
247
1813
8
249
2419
3052
5128
3501
4090
80
1946
6323
4582
583
7776
1850
1908
2071
26
2415
4719
1655
6215
4720
2791
2383
3117
7242
1502
1835
6075
6234
1711
2846
2399
2807
6916
3029
3124
5611
78
153
2297
2893
3399
41
1072
1905
2309
298
4416
4470
4605
6335
178
1583
4005
7651
401
2481
2739
2743
786
2898
592
7015
3032
4266
764
2994
1389
1436
1937
1940
6286
7687
1406
5525
2368
486
487
635
6826
6838
4810
2782
1559
1170
166
341
2699
3249
7825
1871
3994
2176
137
6944
2925
2062
6403
6473
2475
674
2750
770
3083
3126
894
561
844
1902
2043
496
2637
4689
2651
2673
725
398
1275
6058
2377
2480
102
6294
4282
4404
4405
2386
439
2454
4127
2200
3746
5901
6123
230
2449
408
4581
2795
1604
3246
3193
2194
1936
2487
6659
5237
7447
1311
1034
7745
1028
115
4560
4782
3050
1453
4288
6458
6683
5928
233
562
1298
7454
7527
7542
1421
3535
1527
5902
4215
4461
293
2778
1554
1565
2198
4280
2325
4613
4870
25
2603
2663
2859
1495
156
164
6415
369
492
4670
893
200
2924
2608
2638
4869
3233
3278
1499
7804
1729
1556
2347
4883
916
2998
3194
3499
6074
1988
4036
2054
5960
23
5377
1307
7653
1584
2046
95
133
6429
4494
6354
6305
292
4432
4850
7019
3225
3388
4183
106
4202
2640
662
116
311
4530
6710
4748
6919
4044
180
6328
3216
2694
2630
6996
7192
3292
1353
5610
3700
3814
1969
73
1239
3527
5890
1814
6436
6599
479
547
4694
4751
3417
3428
2996
3421
794
1355
3502
3741
2118
71
2120
167
1276
4263
4445
2573
5302
3518
1036
1377
5636
2
856
3274
3309
7490
3745
6167
6217
4224
141
236
2327
513
2287
4688
3315
5942
101
4284
2289
6742
4789
2822
599
6817
4001
4346
610
6976
3114
1322
3962
3985
6207
1724
3964
2572
4393
6785
6875
6923
4984
7090
5068
5104
4143
6262
2714
2800
7244
5664
7746
3843
4328
4358
4362
4608
2067
4206
124
2231
4361
4548
2553
4835
768
4932
6521
1299
6188
6725
1703
2902
504
4644
2732
4859
2872
7672
4322
3219
4892
678
2913
3123
1660
6375
4563
2797
2298
2546
5930
7232
1582
3873
2059
2063
159
4343
4796
5736
2591
3478
315
466
2545
3018
3053
5323
7482
5472
1513
1615
4543
2759
2799
6990
5057
3155
5287
5374
7446
3015
1346
2102
2404
2460
2713
4802
3091
3176
5396
3357
2405
2101
2155
6378
403
2527
4809
765
2985
3095
3228
2730
2841
1414
3484
1825
3939
19
2526
4635
2789
7054
2735
1560
4269
3270
1767
54
6205
5077
5088
3232
3237
5121
3686
2103
5079
3362
3385
3440
7559
3470
3495
1491
2132
2146
234
6495
4738
5240
5529
1492
7677
3778
3791
2247
4995
129
4434
2476
2484
701
2775
3130
7540
3515
3977
3288
4116
4302
2381
2753
1070
7429
3695
3698
1802
339
1628
2040
4775
5202
1472
3580
3601
1631
3728
3929
4181
2211
2236
2372
2542
2760
6986
5080
5290
7389
5523
2166
1674
3066
1310
7480
7503
3976
2375
2483
6878
3190
6470
380
2556
3407
3408
5649
3651
5867
1771
1800
5908
2129
5642
2561
5002
3152
1305
5526
3895
2058
4106
4113
4458
4980
1980
6121
2064
6173
6175
60
6206
91
104
7119
3325
3054
7567
7621
3744
4053
4089
2073
4138
68
1405
3474
1471
1635
2885
1877
6020
3072
6172
3108
7224
6209
2168
4287
1838
5938
3891
5956
42
4221
2197
2199
1116
1033
7367
352
4472
2552
2823
3088
4126
4155
3169
5037
6347
3713
6897
5943
3101
2084
2108
72
3158
6265
7234
357
375
2700
6820
1823
3063
7231
1109
7292
6284
351
2069
3161
3469
1687
4779
3027
5124
6
100
6303
6491
4589
539
6740
652
3154
2147
2156
4286
4291
2292
3289
2276
3337
7436
5393
4436
5471
372
379
7576
3517
1670
3756
4936
7238
6322
7359
1294
6421
3370
1330
6456
6789
4851
6010
5050
3103
7310
6289
3255
1295
7444
6464
3789
5925
1964
2172
6136
1350
4455
1408
6565
7629
2513
7476
1798
6147
2228
2282
2361
3391
1352
362
6509
6511
2093
7228
3882
6134
7253
7401
1325
5475
6570
6586
7632
1413
5127
3166
7388
2373
7525
381
400
5520
5583
468
7638
1231
366
7600
7640
7686
5640
4650
2629
4700
1632
3562
3595
1739
2135
7395
6390
2314
1293
4426
6477
3459
4395
1524
5647
4927
3093
5147
6399
3442
3555
6629
7675
6230
35
3266
223
286
3365
4415
3395
6515
5556
3564
875
2326
5628
1533
2577
3602
5722
5745
3710
6800
6884
2203
7380
7382
5612
4593
3586
2585
3616
3625
6707
1590
2557
4785
936
2278
2528
6696
1603
608
5840
4837
1820
4526
4009
1020
6315
4334
1289
3541
6651
3584
3717
3724
3983
4252
7363
1280
4430
4453
1521
4765
2734
4880
4884
5151
5153
7159
3720
3753
3775
6848
5833
6877
3837
2816
31
5139
291
2704
2779
2844
2879
5963
2908
1891
2926
663
258
4663
6792
6794
2738
756
6927
5921
5922
2905
3051
3327
3702
5836
3813
3878
2884
2887
1872
4981
3998
2840
1254
1592
743
3840
3925
5991
5023
6057
7123
2004
242
4394
4554
560
5751
1761
832
3920
6071
5058
5086
3295
3477
5831
4030
2032
7155
3090
3112
3125
3135
3138
7259
1340
2376
5562
3771
5927
5939
5952
978
4058
4065
5131
231
1474
5603
7665
2661
2810
937
7165
7239
77
7500
6600
2669
6777
5777
5918
3887
3923
4007
5047
2065
3201
56
245
7501
6531
7661
2696
4746
5889
7172
39
2229
182
6385
387
2625
4042
6103
5082
3100
45
1105
6427
2034
2387
2452
5573
2798
4934
6014
2056
6212
3179
278
269
2239
5772
1892
5159
4139
7287
143
147
152
7096
5140
3133
3156
6292
6307
2223
2226
196
6346
5334
5034
6373
2497
3785
6931
5975
922
7299
7300
4279
6377
2150
3735
6808
4770
3856
4889
4158
6236
7295
6281
177
6984
2615
5747
5848
5850
2341
4037
3589
3596
3600
6675
1043
1699
4991
3074
5645
3597
5144
4632
4637
6693
554
5937
4443
3749
3751
6387
4441
512
7180
5670
5681
2610
2522
2584
5674
5686
5688
67
69
7752
5706
1624
2143
3930
3967
1984
2030
3122
1614
2658
7282
6771
3708
5764
6833
5102
5141
6685
5160
5162
7218
1110
4707
7271
3182
4040
469
6686
1581
1634
5741
623
126
5770
5775
3244
2911
3070
2685
7301
4250
6320
5808
5810
6325
2757
6854
4055
4110
3605
2652
637
5782
5822
6851
5829
4806
2763
34
7216
5729
5744
5843
3803
7391
2796
1261
4846
7410
6480
2581
2762
4813
4839
4841
3324
3841
3333
6418
2324
1278
5768
3725
2241
2242
5353
4843
264
7438
7440
6417
3434
5018
2524
4804
6933
3363
7465
7468
7470
1337
5946
5677
5693
5695
3321
2329
4890
801
7456
6439
6452
1333
7461
2740
2815
6426
3876
4941
2390
3945
5493
6017
3972
5726
7407
3312
6408
7443
5950
2900
4988
4992
6021
3467
5787
5395
3872
289
3916
5986
7043
7563
3980
5530
927
3259
5038
6929
5594
5825
6407
6973
5955
5966
3415
3958
5533
3880
3386
2878
2888
346
2907
1958
7084
3509
1469
6669
5662
3121
7481
3436
6012
3737
4014
6072
5052
4028
3044
1796
5739
5826
3779
4551
2512
5585
2515
4051
6639
5708
12
6443
4920
4943
4465
7156
2214
4784
5040
4787
4540
3336
3854
4986
6055
6568
7088
6904
4531
7663
6643
6486
3473
5043
5065
2005
7658
4849
7153
4596
7670
1269
4888
3035
3042
3565
2554
7423
7173
6405
6921
4109
7184
5167
7311
5027
6650
5055
4032
5325
2511
4062
3864
3098
5964
7042
5369
7308
7055
4752
7059
5779
4629
5780
3988
5576
3038
2445
5021
2719
3999
3618
6821
5932
1326
5550
5114
5899
2711
173
6196
2619
6844
7356
3067
3146
5452
2697
3850
287
3383
6524
5053
5566
4160
3013
3703
3918
6642
6653
3268
7419
3024
4947
4566
4059
7387
6492
6494
2332
4559
3551
7521
5731
6371
3709
4838
490
1004
6254
2616
