# removed nodes — method=TD λ=20 seed=623415497
3176
141
198
539
1261
1413
1942
2319
2322
2417
2454
3585
164
367
498
501
520
802
1265
1938
2151
2512
143
219
242
293
366
1418
1774
1905
2037
2387
2620
2567
2663
2699
2701
2751
2758
2821
3033
3057
3101
3103
5612
29
298
521
547
1770
2075
2480
2481
3076
3108
27
251
365
1322
1972
2059
2067
2228
2958
3113
3163
3165
104
2390
2540
2718
2750
3150
3152
3398
3593
3705
3805
4825
1771
2068
2629
2719
2759
2775
3175
3721
4054
5526
278
1906
2197
2599
2735
3292
4090
4402
4420
4609
1104
1318
3708
3739
3782
3802
3892
4038
4791
5050
5144
3724
8
1860
2693
3229
3741
3777
3843
4613
4769
4792
3
2667
3053
3170
4537
4562
5045
5555
5566
5746
5758
33
1421
1576
1700
1778
2040
2060
2325
3035
4393
5714
109
2227
2292
2971
3073
3177
4729
4757
5522
5562
5586
28
230
500
795
797
1438
4538
4552
5777
5841
5843
824
1666
1755
1756
2672
2688
3855
3885
4767
5152
5414
232
826
5561
5809
5851
6473
6570
6649
6652
6866
6897
398
798
800
1884
3882
4124
4602
5160
5945
6180
6182
403
3071
3072
5525
5585
5987
6928
7382
7607
7654
2
107
829
1275
2378
2692
3929
5178
5591
6279
6472
7686
200
2173
2393
2697
5759
6601
7066
7380
7389
7783
14
25
288
372
486
2527
4541
6148
6400
7388
7666
15
399
799
1636
1750
4737
5073
5728
26
39
40
45
124
368
2379
4920
4943
5950
6074
6457
7094
7429
73
1311
2394
3554
3861
4168
5109
5312
5724
5747
6884
7457
291
560
2398
3728
4756
5722
5904
7735
7755
17
20
326
2661
5911
37
38
74
77
91
100
106
122
976
2526
4472
6047
6489
7258
7367
7
78
125
128
246
1893
1894
1953
1956
3725
3799
4377
5751
5918
6238
978
3836
5203
7359
32
34
60
71
137
146
167
2553
5784
6263
6708
6723
7176
7356
12
35
72
108
2030
2073
2217
2903
3440
4343
5744
6098
6938
7611
6
648
917
1131
3128
3864
5035
6215
6261
6426
7599
50
481
1132
1740
3878
4851
54
56
68
129
138
150
2632
2824
3993
111
131
135
139
145
169
170
179
148
2453
2651
2669
2690
6123
6253
6571
6584
6611
7002
1743
2711
2739
5947
6431
6436
6620
133
172
182
183
1124
1125
1127
1525
2069
2477
5740
6251
7089
67
69
735
3722
3768
4720
5068
5479
6630
6657
7057
80
189
2782
2783
2794
3942
4782
5748
6185
6374
6388
6389
6710
559
561
833
1481
3193
3654
5047
6683
6887
120
180
2798
3126
4775
6627
75
126
181
195
238
240
250
3161
5919
6234
6269
6274
6518
102
162
185
187
197
940
2914
3029
4088
6641
6929
7444
36
190
191
217
1470
2826
4009
4715
4744
4982
7090
7327
7434
7587
92
3820
4122
7430
216
221
222
248
249
267
268
270
979
1147
4779
6298
6302
255
272
283
284
286
290
295
1825
3092
4718
6562
7160
7304
163
178
235
277
387
544
1362
2657
201
236
271
275
294
296
299
1890
3049
5469
5473
6823
130
177
237
266
282
285
6304
59
117
118
224
231
297
315
319
321
322
2331
5356
6521
6731
22
41
76
258
292
300
320
388
1855
3264
4252
7649
323
324
327
331
332
334
1948
2318
2487
7131
0
289
325
335
370
371
377
2433
2761
2762
4406
42
223
247
369
378
384
457
1896
2435
3837
3895
5349
269
340
386
458
464
479
1951
2307
5641
5838
6833
16
51
52
193
220
397
2823
3943
6491
140
147
194
385
389
463
490
492
2004
2034
2289
3339
3340
6693
7725
44
279
333
489
2385
3375
4042
4048
4819
4980
5031
5350
5643
5811
5839
2174
3094
6069
6934
101
466
508
540
542
543
546
2287
2846
4126
5930
6659
84
257
336
485
522
554
4044
4694
4751
553
605
632
645
649
651
653
664
103
338
444
515
562
563
564
565
590
597
675
6135
7195
202
391
465
566
567
688
701
702
718
1184
1674
1675
1761
2128
2129
3066
3312
4770
6133
6134
703
3158
6167
6429
7196
7808
121
421
552
585
614
2849
3643
6219
7728
47
227
273
276
551
607
721
1485
2298
2644
3330
3652
4400
4702
5347
5352
6459
6466
415
3632
6763
176
210
211
233
414
530
532
683
1526
2200
2596
2642
7731
434
531
545
631
633
706
1838
3199
3872
4548
6340
7105
7107
7110
711
713
714
2845
3950
5818
6129
6137
7802
196
429
453
477
495
4593
6758
218
234
450
745
755
782
783
786
787
2199
2414
746
753
773
785
827
828
841
842
852
2333
3928
4461
4502
5505
6174
6207
6273
7756
7829
9
2818
2819
4138
23
82
165
817
818
844
899
926
432
433
435
436
446
447
488
569
647
840
875
3496
4743
5968
695
915
935
939
975
977
1004
1022
1035
1368
1911
1937
2776
2804
5706
5972
6923
7759
274
2198
2660
3251
3253
5589
7703
119
136
168
493
536
1170
2329
2780
3215
6081
6095
6673
24
496
497
525
2175
3250
5628
6217
535
537
682
716
719
720
722
1908
4650
5523
5611
781
920
936
945
1029
1030
1032
2141
3501
5330
7287
7738
7753
872
919
1027
1028
1136
5329
5370
7060
946
1043
1083
1116
1153
1155
1156
1157
7068
1154
1173
1195
1229
1254
1256
1262
1264
1277
1301
2408
2409
3970
6344
7207
866
1068
1078
1130
1134
1137
2469
2528
3315
3969
4635
6916
830
1020
1175
1204
1214
5293
5300
244
793
794
873
1174
1205
1228
1230
1260
4503
4688
7721
21
105
245
1138
1142
1143
1144
1177
6121
752
754
757
769
770
985
1016
1081
1200
1201
7776
3015
3017
3018
6417
6875
7497
7758
1094
1202
1211
2415
6664
204
439
440
441
588
589
790
1031
1048
192
438
955
1033
1089
1203
1223
1266
1267
1282
1284
1049
1092
1111
1118
1128
1176
1209
1210
1231
1283
1285
2571
5640
5697
5867
6914
442
627
1292
1303
1309
1320
6172
6209
184
483
1034
1306
1346
1349
1355
1357
1370
3408
3438
507
581
583
628
819
931
999
1000
1002
3275
7230
174
582
586
796
1044
1046
1095
1369
1372
4381
4645
615
692
693
694
1036
1070
1093
1099
1103
1669
3002
3274
3309
3310
3589
3600
820
938
1026
1122
2290
2557
2575
6061
784
821
847
848
849
868
1233
1587
1631
3651
5486
6153
30
1082
1097
1387
1388
1389
2099
2100
2105
2370
2970
144
768
867
880
884
918
2093
3210
4284
4482
4483
4490
684
704
708
742
764
2358
5889
229
763
1105
1109
1110
1279
1281
1291
1293
2999
4836
4847
7232
883
1108
1314
1400
1404
1405
1422
3473
5079
7097
7780
956
1365
1395
1407
1420
1436
1465
1489
6287
762
1107
1448
1466
1469
1471
1482
1483
1484
2049
3426
4360
6114
94
95
96
766
1327
1328
1416
4491
7228
252
1414
1487
1498
1499
1508
1509
1513
1514
228
254
359
360
1212
1492
1515
1516
1519
1528
1529
2472
2473
2573
2574
3486
3518
361
516
856
928
948
3520
3914
4286
5677
86
691
1100
1280
1517
1531
1559
62
83
756
1042
1286
1298
1467
1497
1560
1562
1563
2626
2994
7695
443
1396
1495
1555
1583
1584
1585
1596
7163
188
513
599
603
971
1399
1532
1577
1597
1598
4142
5186
916
1353
1494
1530
1610
1612
1615
1619
1627
7719
401
572
573
601
1599
1611
1633
1634
1640
1642
264
717
779
822
1268
1488
1512
1600
1618
1635
1641
1644
1649
1667
1668
1687
1691
1692
1709
1710
1711
1717
4883
5419
925
1096
1648
1658
1663
1679
1688
1690
1697
5444
7698
7718
253
1269
1643
1646
1672
1712
1718
1719
4880
10
1226
1367
1490
1548
1651
1716
1722
1752
1753
4530
924
1062
1616
1726
1764
1779
1786
1788
1789
1791
4031
4506
1076
1790
1794
1795
1801
1805
1819
1821
1822
3743
3774
4833
5976
6055
225
1270
1358
1802
1820
1830
4059
5936
1486
1523
1549
1550
1574
1575
1739
1800
1831
1288
1524
1748
1749
1847
1852
1854
1857
1870
1871
1872
2050
1359
1849
1853
1856
1864
1888
1892
1909
1910
1939
3417
3428
4951
31
123
1191
1792
1796
1924
1925
1947
2368
2851
3812
3813
7015
803
871
1189
1190
1377
1873
1923
2986
2987
3267
5301
6679
7740
110
1731
1874
1922
3236
3243
1959
1967
1980
1985
2036
2051
2090
2102
2170
7760
173
759
760
1881
1960
1981
1983
2052
2091
2111
2923
2924
3284
4309
5580
761
1439
1969
2089
2110
2113
5426
7786
937
2079
2088
2112
2178
2179
2194
2240
2241
3285
63
1979
2035
2172
2195
2202
2242
2243
2278
2280
774
1480
1617
1995
2279
2282
2302
2332
2336
2341
2360
2984
3090
4505
6285
1970
1994
2016
2017
2301
2364
2375
953
2140
2160
2365
2371
2388
2389
2392
2450
2470
2471
2769
3550
1556
1593
1793
1826
2086
2087
2108
2114
2115
3853
1058
1997
2014
2300
2372
2373
2478
2479
2483
2489
5260
2080
2137
2139
2161
2382
2418
2482
2488
2491
2523
1623
1723
1725
2150
2524
2529
2531
2539
2552
2555
2556
3409
4375
5395
7709
7733
491
1521
1996
2013
2015
2201
2768
5374
1724
2353
2451
2509
2510
2577
2579
2598
2600
4434
5767
226
1158
1159
1375
1376
1450
1547
1704
2026
1331
1708
2167
2602
2603
2622
2623
2640
2641
2652
2658
3023
3325
3904
4486
4684
2109
2614
2621
2659
2664
2670
3493
4489
4953
5016
2671
2700
2706
2765
2766
2767
2787
4513
2604
2707
2722
2738
2770
2771
2786
2792
2795
2820
2048
2754
2793
2796
2806
2825
2828
2840
2873
2874
2877
3427
3568
1977
2369
2732
2747
2788
2789
2791
2876
2878
4512
152
927
1146
1150
1151
1316
1317
1332
1978
2391
1330
1586
1632
1797
1850
2107
2123
2455
2797
2807
2812
3830
1319
1647
1851
2098
2407
2676
2811
2841
2842
2880
1799
2449
2452
2708
2743
2744
2745
2746
2779
2843
2844
2047
2881
2892
2894
2906
2907
2908
2918
2919
2928
2945
4051
2053
2291
2458
2839
2871
2913
2925
2951
2952
2953
2066
2872
2897
2946
2954
2955
2956
2962
2975
2976
2979
881
929
930
970
1064
1074
1506
2065
2210
2957
2972
5115
1741
2580
2981
2997
3020
3025
3027
3032
3042
3045
2978
3021
3056
3077
3080
3091
3097
3102
3130
3136
3148
2043
2044
2631
3034
3055
3068
3079
3093
3131
3157
3173
7041
1742
2057
2357
3183
3190
3195
3232
3269
3272
3277
1382
1916
2902
3191
3192
3194
3226
3233
3244
3270
3271
5149
405
1383
1441
1876
3273
3276
3279
3280
3287
3288
5297
2627
3256
3289
3291
3296
3297
3298
3301
3303
3305
4534
2960
3001
3160
3227
3230
3255
3290
3302
3306
3314
1085
3109
3308
3311
3313
3320
3324
3328
3329
3334
3336
5424
7717
997
1051
1053
1054
1080
1086
1961
1968
2062
4625
7343
1594
1595
2666
3067
3166
3344
3383
3403
3404
1931
2625
3345
3416
3430
3467
3469
3472
3474
3475
3480
1998
2674
2950
3062
3349
3350
3410
3431
3460
3468
3481
5817
2568
2624
3484
3485
3490
3492
3502
3510
3523
3541
5367
5835
6880
3331
3491
3505
3525
3539
3540
3543
3551
3458
3552
3555
3570
3580
3627
3638
3664
3674
3678
3685
1453
3268
3478
3581
3665
3666
3673
3687
3695
3696
3698
3671
3680
3693
3700
3709
3714
3715
3716
3719
3736
3737
3710
3726
3731
3748
3750
3771
3772
3773
3787
3789
3800
1187
1192
3788
3814
3817
3819
3852
3856
3866
3870
3873
4123
6506
3595
3801
3845
3859
3874
3876
3891
3923
3925
5205
2134
2136
2163
3779
3924
3932
3938
3949
3954
3959
2130
2131
2165
2245
2246
2268
2269
3065
3364
3840
3931
404
406
407
2084
2085
2116
3261
3376
3746
3964
3976
3262
3265
3827
3939
3965
3978
3983
3994
3997
4004
4012
6281
4013
4024
4026
4033
4049
4058
4065
4066
4067
4080
5365
2063
2427
2456
4115
4118
4145
4148
4153
4154
4167
5401
2561
4125
4139
4183
4185
4186
4191
4199
4200
4201
4954
4205
4952
4956
6594
7045
4204
4209
4238
4241
4253
5437
2717
2736
3838
4206
4208
4254
4256
4272
4274
4297
2713
2715
2737
2815
3127
3905
4285
4298
4324
4326
4328
4325
4345
4347
4348
4352
4359
4361
4383
4386
4390
4427
4394
4428
4429
4431
4436
4439
4459
4496
4497
4504
4525
4470
4471
4526
4527
4569
4574
4575
4592
4603
4624
4637
5951
3609
4528
4529
4539
4570
4638
4639
4642
4643
4644
2244
3542
3920
4268
4661
4663
4665
4670
4680
4681
4693
4376
4660
4678
4692
4695
4704
4707
4719
4721
4722
4724
6294
4111
4150
4723
4726
4727
4728
4730
4732
4764
4766
3915
4731
4765
4774
4777
4780
4781
4787
4789
4828
4829
3524
3590
3599
3933
3974
4494
4742
4772
4773
4834
4837
1276
4835
4838
4845
4849
4882
4885
4887
4888
4891
4912
5430
166
1299
2726
3078
4758
4848
4860
4913
4925
4928
5428
4919
4927
4936
4940
4942
4945
4948
4950
4962
4975
5881
5966
6503
4520
4963
4976
4978
4979
4981
4984
4987
413
911
1248
1785
2349
2350
3341
3459
3582
4453
4988
416
4990
4993
5020
5021
5028
5032
5037
5038
5039
5048
1323
5036
5040
5049
5076
5082
5083
5085
5086
5095
5096
475
5051
5097
5098
5102
5103
5104
5105
5107
5108
5135
417
611
3529
3579
3583
4392
5033
5099
5106
5140
5147
5188
3142
5143
5156
5158
5159
5168
5187
5189
5195
5202
5062
5136
5139
5153
5157
5167
5191
5206
5208
5223
5233
2166
2253
3141
4759
5207
5224
5241
5246
5271
5275
5276
2252
2254
2263
2677
3963
5171
5172
5238
5244
5245
5270
7706
3648
3937
4679
4983
5190
5194
5209
5239
5277
5278
5227
5228
5279
5280
5328
5348
5353
5355
5358
5369
5371
437
5351
5354
5357
5364
5376
5377
5378
5387
5391
5393
4137
4358
5322
5382
5392
5398
5402
5407
5415
5427
5429
5243
5327
5372
5396
5434
5436
5439
5447
5448
5451
5466
2215
5177
5399
5470
5488
5503
5508
5510
5535
5537
5547
4322
4892
5483
5489
5490
5567
5577
5579
5584
5606
5607
5487
5516
5583
5590
5615
5639
5646
5648
5649
5654
5658
4263
4281
5642
5647
5657
5690
5692
5715
5717
5725
5727
2386
5175
5242
5716
5723
5731
5742
5750
5754
5756
5757
4169
5316
5739
5761
5769
5774
5776
5778
5780
5781
5788
5768
5805
5807
5808
5814
5815
5816
5821
5822
5826
5828
4334
5303
5804
5806
5810
5813
5829
5831
5836
5845
5849
6227
5613
5859
5868
5870
5872
5875
5877
5886
5891
5892
5890
5899
5908
5922
5934
5937
5938
5943
5946
5953
5956
2285
5905
5910
5942
5952
5960
5962
5963
5970
5973
5974
1518
4170
5964
5975
5977
5985
5986
5990
5991
5992
5997
1160
3822
3911
5222
5984
5993
5998
6000
6009
6010
6015
6016
6018
6022
6054
6057
6058
6059
6071
6072
6079
6083
5981
6080
6084
6085
6090
6092
6096
6102
6103
6109
6110
6108
6116
6118
6124
6125
6142
6146
6147
6158
6159
6161
6164
6166
6173
6175
6177
6183
6184
6192
6193
6194
6195
6176
6218
6223
6224
6225
6226
6229
6230
6232
6233
6235
6206
6220
6236
6241
6252
6255
6256
6262
6265
6272
6277
6240
6270
6275
6276
6292
6296
6301
6306
6310
6311
6312
2220
2221
2222
2232
6313
6321
6323
6324
6397
6398
6418
6044
6338
6416
6419
6420
6424
6427
6428
6432
6435
6440
6278
6300
6425
6458
6468
6469
6480
6486
6487
6495
6497
6450
6498
6500
6507
6540
6541
6550
6552
6565
6568
6581
6505
6602
6604
6605
6609
6610
6615
6622
6626
6628
6644
2475
6591
6633
6634
6643
6647
6648
6656
6689
6692
6709
2211
6706
6732
6733
6736
6738
6742
6743
6748
6751
6752
6757
6769
6770
6789
6792
6815
6855
6870
6872
6886
6889
6676
6755
6871
6909
6913
6920
6922
6930
6931
6935
6937
6646
6791
6910
6946
6947
6950
6965
6987
6989
6991
6992
6999
7003
7027
7028
7029
7030
7044
7048
7074
7091
7172
6821
7174
7186
7187
7198
7199
7200
7202
7204
7208
7259
5211
5341
5342
7188
7197
7203
7261
7276
7277
7282
7292
3672
3679
7161
7201
7283
7299
7306
7324
7326
7330
7332
6826
7300
7325
7331
7337
7344
7346
7362
7363
7368
7373
7361
7376
7383
7392
7401
7404
7410
7412
7413
7416
7425
7279
7435
7437
7441
7442
7443
7446
7447
7454
7456
7458
6588
7460
7462
7472
7476
7477
7478
7482
7503
7506
7510
7513
7515
7517
7552
7554
7596
7598
7628
7662
