# removed nodes — method=GNN_RL λ=20 seed=623415497
111
4725
1035
4675
6560
6418
2454
5343
2165
362
240
4625
613
311
3947
2421
1908
1938
1906
4208
6919
1599
4201
4757
4777
6421
5345
5
326
7621
621
1213
7623
30
6480
1492
4176
4117
1786
5233
4397
5042
3255
5980
17
295
4492
4211
6448
7583
5983
3244
5054
2915
5591
1593
4743
3229
389
4113
393
461
5059
7248
2798
5397
1106
1037
3515
2821
1944
1363
4198
122
7181
7067
5452
766
759
768
4143
2898
4146
4119
1042
144
3488
385
2890
2975
886
736
4668
740
889
888
230
975
1253
7083
666
648
664
7528
7751
7753
5332
2894
973
7150
2312
2327
2314
19
1724
1779
1408
7731
6121
6426
2449
7122
1413
2043
754
6626
6907
5488
2778
2799
2800
2908
2475
2640
2638
1557
141
223
826
920
234
1670
3266
1847
6746
2935
1338
1439
2945
3661
2981
2926
4044
6571
2952
408
6413
3509
6226
29
1656
245
7533
611
7
1700
2925
5757
1954
6075
4553
1078
6851
687
6309
6380
4756
6628
4477
243
1767
1893
2044
184
3270
5556
3495
15
2438
2757
2846
2722
1252
336
2198
339
1951
3928
1896
6664
2316
2414
2174
213
2143
6748
2161
6251
6817
6170
2347
1661
688
1385
1895
3948
4560
4563
442
3380
4718
2297
4415
4090
605
4288
114
3931
5257
3964
7530
4970
7519
2592
5004
2126
6485
6504
6496
5881
5589
5157
5620
5622
6403
6895
2718
3994
6502
2057
3720
1861
1864
5681
6894
4022
7801
623
4082
3159
3127
3593
6322
6320
2556
473
3035
5739
978
4055
4031
1953
4826
4788
7091
3805
6604
2285
2283
2632
3993
4773
2075
5585
5616
521
7665
6881
331
2888
75
5008
3233
4422
3564
4286
2899
4738
5956
3364
7473
7486
2483
5628
7435
1762
1902
3891
628
630
2418
6
1975
1974
1945
4416
7131
6335
2460
6871
4778
7796
7818
7798
3741
3778
3398
6102
1470
5526
2751
4400
7454
6972
1529
2068
757
5496
3675
5498
3728
7447
1525
635
6290
1472
5029
7060
2274
6261
6264
6214
1414
6431
6436
6727
1616
1917
7775
4964
5479
5476
2805
2990
1416
3557
3537
6877
5367
6879
3777
4985
5918
4538
3053
6902
4817
3936
5205
498
444
7766
6301
7778
6311
3297
5559
1265
3301
6262
129
5153
5844
3507
5024
2530
6470
5889
7252
2194
2180
6067
856
7288
1836
1813
7049
4943
4920
7432
4761
4562
3122
4776
4716
3843
5864
5847
7291
229
4548
6135
6132
7065
5525
2601
7384
3150
7359
3686
2066
4249
6442
4255
2150
5733
2196
634
3792
4252
1254
5640
4110
5643
7527
3724
4038
5813
641
596
437
1814
1068
6615
5406
219
3868
703
105
6280
6282
6291
6826
3926
3949
5564
6718
6711
539
3600
3589
5087
5078
3399
4282
6844
6197
4257
2829
2824
2827
5519
1633
953
1311
1884
4802
4815
4812
3389
3370
3374
1322
5594
5581
4805
1880
7093
3733
3791
4509
4524
4533
4530
4526
3753
5786
5910
5913
1583
1634
1584
2972
6561
3765
3194
2154
4713
6979
2147
1504
220
4581
510
704
708
2617
4588
2383
439
4023
3562
4767
3191
5569
5571
5601
6645
5677
7551
2696
293
391
5693
5876
5946
5807
3392
6744
6736
5796
2524
483
2610
3190
387
2452
4433
4453
5636
3604
3442
1588
3702
3751
4284
3692
5546
5819
7545
1630
632
3970
3771
3541
5838
1892
1853
4842
4836
5537
3859
7402
3586
3075
5925
3732
5921
5947
373
6310
6324
5576
2921
2599
4984
2151
6740
1286
6858
7658
6051
6077
2590
3850
5938
3142
1390
1435
6415
1429
7469
1757
1394
4847
4603
4683
2747
3588
7628
7626
4766
7525
7597
469
5832
549
2548
5149
3879
5716
372
288
3163
5160
6808
5540
5132
2629
7464
4995
2390
7233
547
5861
5852
5775
6775
202
7598
5749
5781
1733
2785
5849
4585
4600
5722
6013
6654
6685
3920
4849
4540
1500
4278
4294
4276
3969
7378
3704
5654
802
4290
6904
2706
7662
5635
2516
6684
1663
3710
6134
5996
4850
1585
7396
5755
7304
7409
5730
5728
5743
501
520
6655
6651
3099
7398
6815
2388
3183
3885
7397
5562
3140
5700
3146
7386
164
3235
5520
3555
1520
6773
6755
3175
3714
7443
7458
3705
3585
198
7407
3076
5134
3966
2542
4851
7173
3385
282
5836
1610
4083
3162
3342
3108
6565
4993
7540
6147
3384
4095
4551
3713
4545
3160
6570
4608
4602
3166
6235
7552
6399
4960
2272
