# Adaptive Katz removed nodes
0
3
4
5
8
10
11
12
14
17
18
19
21
25
26
27
30
31
32
36
41
43
44
45
49
50
53
54
57
58
59
61
66
71
72
75
77
79
80
82
84
85
88
89
90
92
93
96
100
101
104
105
109
110
112
113
115
116
120
121
123
124
125
128
129
132
134
135
136
137
140
141
142
144
145
147
149
151
153
155
156
157
161
162
163
165
167
169
170
174
175
176
177
178
181
182
183
188
189
190
192
195
199
201
202
204
206
207
209
211
214
218
219
221
223
225
226
230
232
234
236
237
238
241
243
245
247
249
251
252
254
255
256
258
259
262
263
265
267
268
271
272
275
276
278
279
280
282
285
290
293
294
296
297
301
302
306
309
310
311
315
316
317
320
321
323
325
327
331
332
336
337
338
341
342
344
346
347
348
351
352
354
356
358
359
360
363
364
368
369
373
374
377
381
382
383
385
386
388
390
392
393
394
395
396
397
398
399
400
403
405
407
409
412
413
414
415
419
420
424
425
427
428
429
430
432
434
435
437
439
441
443
444
447
448
449
451
453
455
456
459
461
462
466
467
468
470
472
473
475
476
478
480
482
483
484
488
489
491
493
494
496
497
498
500
501
504
506
507
508
510
511
514
515
516
518
520
521
524
526
527
528
531
532
533
537
539
541
543
545
547
549
550
552
553
556
557
558
560
562
563
564
566
570
572
573
574
577
578
581
582
583
585
588
589
595
601
603
605
607
608
610
612
613
616
617
619
620
621
623
624
627
628
630
631
634
635
636
641
642
643
646
647
648
651
652
655
656
659
660
662
663
664
667
671
672
676
677
678
682
683
684
686
689
690
693
694
696
698
702
703
704
710
711
713
714
715
716
720
721
722
723
724
727
731
737
741
742
743
746
747
751
752
753
755
756
757
760
761
764
765
767
768
772
773
776
777
778
780
782
784
785
788
789
790
792
794
795
796
800
801
804
806
808
812
813
817
819
822
823
824
826
829
830
831
833
834
835
839
841
842
846
847
848
851
855
856
860
862
864
867
868
869
870
873
874
875
876
880
881
883
884
885
888
889
891
893
895
898
900
903
904
905
907
908
910
912
913
914
916
919
921
922
923
926
927
930
931
934
935
936
940
941
942
944
946
948
951
952
953
955
958
959
960
962
964
967
969
971
972
976
977
980
981
984
985
986
987
990
992
993
994
995
997
999
1001
1002
1004
1005
1008
1009
1010
1014
1015
1016
1018
1020
1021
1023
