# Adaptive TIA removed nodes
0
3
4
5
8
9
12
13
18
19
20
24
25
26
28
32
33
38
43
44
45
47
50
53
54
57
58
65
66
70
71
74
75
76
79
80
87
89
90
95
96
101
103
105
109
113
114
115
117
119
121
123
124
128
129
130
134
135
137
140
144
145
146
147
151
152
153
156
157
160
161
164
165
166
168
169
173
174
176
180
181
182
187
188
192
193
194
198
199
200
205
206
209
213
214
218
219
222
224
225
226
231
232
233
236
238
239
240
242
246
247
251
252
253
257
258
259
261
263
265
267
271
273
275
279
283
284
285
289
290
291
294
296
297
301
302
306
307
310
311
314
315
318
320
329
335
336
340
341
343
344
345
348
349
350
354
355
356
359
361
363
367
368
369
375
377
382
384
385
389
390
393
397
398
399
401
404
406
410
412
415
416
420
427
428
432
433
434
437
438
441
442
447
449
452
453
457
460
461
462
467
472
476
477
478
483
484
488
490
491
496
498
501
502
504
507
508
509
512
513
514
518
519
522
523
524
527
529
530
534
538
540
545
549
554
558
559
560
564
566
567
568
572
573
574
577
578
583
588
591
595
606
608
612
614
617
619
622
623
630
635
637
643
648
651
655
659
661
665
666
667
671
672
673
674
678
679
684
685
686
692
696
697
700
701
702
707
708
713
714
715
717
723
727
729
731
735
736
737
742
743
746
747
748
752
754
758
759
762
763
766
770
771
774
776
778
780
782
783
784
788
800
808
809
813
814
817
819
821
825
826
827
830
831
833
835
836
839
840
843
844
847
851
855
856
859
860
861
865
870
871
872
874
875
876
880
881
884
885
886
890
891
894
896
898
900
903
905
907
909
911
913
914
917
918
919
924
925
928
929
930
938
942
943
944
948
952
953
958
959
963
965
968
969
973
980
981
984
986
987
988
991
992
993
998
999
1000
1002
1004
1008
1010
1012
1015
1016
1020
1023
