# Adaptive TD removed nodes
0
1
2
3
4
5
6
7
8
9
10
11
12
14
15
19
23
25
27
28
29
32
36
38
41
42
43
44
45
47
49
50
51
52
53
54
57
58
67
68
74
75
76
77
78
80
82
83
84
88
90
91
96
97
99
101
103
104
106
107
109
110
111
112
113
115
116
117
118
120
121
122
125
129
130
132
134
135
137
139
140
142
144
151
158
159
160
161
163
164
165
167
168
169
170
172
176
179
180
182
183
184
185
187
188
189
190
191
192
194
195
196
197
199
200
201
202
203
204
205
206
207
209
210
211
212
214
215
216
217
219
220
221
222
223
224
225
226
227
230
231
232
233
234
236
237
238
239
243
244
245
246
248
249
250
251
252
253
254
255
257
258
259
260
263
265
266
267
271
273
274
275
276
277
278
279
281
282
283
284
286
287
288
290
291
292
293
294
296
297
299
300
301
307
309
310
311
312
314
315
316
318
319
320
321
322
324
325
326
327
330
331
332
334
335
336
337
339
344
349
350
351
352
353
354
356
357
358
359
360
362
363
364
365
366
367
370
371
372
374
375
376
384
385
386
387
389
390
391
393
394
395
397
400
401
402
403
405
406
407
410
413
414
415
416
417
418
420
421
422
425
427
428
429
431
432
435
437
438
442
445
447
449
450
451
452
453
454
455
456
458
459
460
461
462
463
465
466
467
471
472
473
477
478
479
480
481
482
484
485
486
488
489
490
493
494
495
497
502
503
504
508
509
514
518
522
524
525
527
529
530
531
533
534
535
537
538
539
540
542
543
547
548
549
550
552
553
554
555
558
561
562
563
564
565
567
568
569
570
571
572
573
574
577
578
579
582
583
584
586
587
588
589
591
592
593
594
596
597
598
599
600
601
603
604
605
606
607
608
609
611
612
613
615
616
617
618
619
620
621
622
623
625
626
627
638
639
640
641
642
643
644
646
648
657
662
663
665
667
671
679
681
683
691
693
694
696
697
699
700
704
706
707
708
709
710
711
713
714
715
716
717
720
721
722
723
733
734
735
736
737
738
739
741
743
745
749
750
755
763
765
767
770
772
774
775
776
778
783
784
785
789
794
801
808
813
814
816
817
818
819
821
822
823
824
825
826
827
828
830
831
832
834
835
836
838
839
840
841
842
847
848
849
850
851
852
853
855
856
857
859
861
871
872
873
874
875
876
877
878
879
880
881
882
883
884
885
886
888
889
890
891
894
899
902
903
904
905
906
907
908
909
912
913
917
927
929
930
931
934
935
938
943
945
952
956
957
963
965
966
967
974
977
979
980
981
984
985
986
988
989
990
993
994
998
1000
1002
1006
1007
1008
1010
1015
1017
1019
1020
