# GNN-RL removed nodes
8
12
18
20
26
32
33
45
46
47
50
51
57
58
59
67
74
81
82
83
84
90
91
103
105
121
131
132
140
144
145
158
159
160
172
173
176
184
187
188
189
196
210
211
215
219
222
223
224
226
228
230
236
237
238
248
249
250
252
255
259
264
265
267
274
275
285
296
297
301
311
312
315
316
349
354
360
363
380
385
386
387
388
396
397
398
404
405
406
410
412
420
421
422
429
430
439
447
448
449
453
460
464
466
468
473
474
475
484
486
488
496
497
498
507
508
522
523
524
530
531
534
543
545
547
549
558
559
560
572
573
574
582
583
584
588
593
595
597
607
608
609
619
621
622
633
634
638
647
648
656
657
658
665
671
684
685
686
688
696
697
707
708
713
716
717
724
728
731
737
738
749
750
751
767
782
788
794
799
801
803
808
809
813
814
822
825
830
831
833
841
842
852
853
854
857
862
863
864
871
876
877
885
886
887
888
894
904
929
930
938
942
943
946
947
952
953
962
963
968
972
973
980
981
988
993
995
1002
1003
1004
1006
1018
1019
1020
