# GNN-RL removed nodes
0
1
2
4
5
6
7
8
9
10
11
12
13
14
15
17
18
19
20
21
22
24
25
26
28
29
30
32
33
34
35
36
37
39
40
41
43
44
45
46
47
48
51
53
54
55
57
58
62
63
64
68
69
70
71
72
76
77
80
81
83
84
85
86
87
91
99
100
102
105
107
109
124
126
127
134
136
137
146
149
151
154
155
156
160
165
169
175
181
185
187
191
192
197
199
203
209
214
219
227
229
243
245
255
267
268
269
270
274
280
284
303
306
311
313
317
329
332
333
342
343
349
350
360
362
370
376
389
421
425
438
442
453
476
488
493
499
501
506
516
537
586
593
594
610
631
643
645
698
702
777
795
818
847
849
850
889
895
903
1004
