# Adaptive TIA removed nodes
0
1
2
3
4
5
6
7
8
9
10
11
12
13
14
15
16
17
18
19
20
21
22
24
25
26
27
28
29
30
31
32
33
34
35
36
37
38
39
40
41
42
43
44
45
46
47
48
49
50
51
53
54
55
57
58
59
60
61
62
63
64
65
66
67
68
69
70
71
72
73
75
76
77
80
81
82
83
84
85
86
89
91
92
93
94
95
96
97
98
99
100
101
102
103
105
107
109
111
112
114
116
118
119
120
121
122
124
126
127
128
130
131
132
134
136
137
138
140
141
150
151
153
154
155
156
157
159
160
161
164
165
167
169
170
174
175
176
177
178
181
185
186
187
190
191
192
196
197
198
199
200
201
202
203
206
207
209
210
214
217
219
220
226
227
228
229
230
231
233
234
235
236
238
239
240
243
244
245
247
255
256
257
258
260
262
264
265
267
268
270
272
273
274
276
278
280
282
284
285
288
290
291
292
294
298
301
303
304
305
306
307
308
311
314
315
317
318
323
324
325
329
330
332
333
340
342
343
344
345
346
347
349
350
353
360
361
362
364
367
368
370
375
376
382
385
387
389
390
393
398
400
408
410
413
414
419
421
427
430
432
437
438
439
442
443
447
451
452
455
457
462
465
471
473
477
478
488
489
490
492
497
498
499
501
506
510
515
516
525
529
532
536
537
545
553
555
557
560
564
574
581
582
593
606
610
611
618
620
621
624
625
631
633
643
645
654
656
671
677
680
683
698
710
712
715
736
739
743
767
775
790
796
809
818
845
847
849
889
898
913
919
938
940
954
962
980
1012
