# Adaptive Katz removed nodes
0
1
2
3
4
5
6
7
8
9
10
11
12
13
14
15
16
17
18
19
20
21
22
24
25
26
27
28
29
30
31
32
33
34
35
36
37
38
39
40
41
42
43
44
45
46
47
48
49
50
51
53
54
55
57
58
59
61
62
63
64
65
66
67
68
70
71
72
73
75
76
77
79
80
82
83
84
85
86
87
89
91
92
93
95
96
98
99
100
101
102
103
104
107
109
111
112
113
114
115
116
117
118
120
121
122
123
124
126
127
128
130
132
134
136
137
138
140
141
144
145
146
147
148
149
152
153
154
156
157
159
160
161
163
164
165
167
169
170
174
175
176
178
181
182
183
186
187
191
192
195
198
199
200
201
202
203
205
206
209
211
213
214
217
219
220
223
227
229
230
232
233
234
235
236
237
238
240
243
244
245
247
250
252
254
256
257
260
262
267
270
273
276
278
279
280
281
282
284
286
292
294
301
303
306
307
308
309
312
314
315
316
318
323
329
332
340
341
344
345
347
348
349
350
351
353
354
357
360
361
362
364
365
368
370
373
374
375
376
377
381
382
385
387
389
390
392
393
394
395
399
407
408
410
414
421
427
431
432
436
437
439
440
441
442
447
462
464
466
471
472
475
480
488
490
491
492
496
497
498
499
503
506
515
517
520
522
523
537
555
562
564
565
566
571
572
574
585
589
590
593
596
609
610
614
618
620
622
625
627
633
637
642
645
656
660
671
677
680
682
683
689
691
693
696
702
707
711
712
715
721
725
734
738
745
746
756
758
763
764
767
775
782
783
802
807
814
818
825
827
829
830
833
841
845
849
850
857
863
866
867
870
874
877
882
889
890
891
893
896
909
912
914
916
938
948
962
991
1008
