# Adaptive TD removed nodes
0
1
2
3
4
5
6
7
8
9
10
11
12
13
14
15
16
17
18
19
20
21
22
23
24
25
26
27
28
29
30
31
32
33
34
35
36
37
38
39
40
41
42
43
44
45
46
47
48
49
50
51
52
53
54
55
56
57
58
59
60
61
62
63
64
65
66
67
68
69
70
71
72
73
74
75
76
77
78
79
80
81
82
83
84
85
86
87
88
89
90
91
92
93
94
95
96
97
98
99
100
101
103
104
105
106
107
108
109
110
111
112
113
114
115
116
117
118
119
120
121
122
123
124
125
126
127
128
131
132
133
134
135
136
137
138
139
140
141
142
143
144
145
146
147
149
150
151
152
153
154
155
156
157
158
159
160
161
162
163
164
165
167
168
169
170
171
173
175
176
177
178
179
180
181
182
183
184
185
186
190
191
192
193
194
195
196
197
198
199
200
201
202
203
205
206
208
209
213
214
216
217
219
220
221
223
224
226
227
228
229
230
231
232
233
234
235
236
237
238
239
240
241
243
244
245
246
247
248
250
252
254
255
256
257
258
259
260
261
262
264
266
267
268
269
270
273
274
275
276
278
279
280
281
282
283
284
285
286
287
288
290
291
292
294
296
299
300
301
302
303
304
305
306
307
308
309
310
313
314
316
318
319
320
321
323
324
325
326
327
328
329
330
332
333
334
337
340
342
343
344
345
347
349
350
352
356
357
358
360
361
362
363
364
365
367
368
369
370
372
374
376
378
379
382
383
385
387
389
390
393
394
395
397
398
399
400
406
412
415
417
418
419
421
425
427
431
432
437
438
439
440
442
447
450
451
452
453
454
457
460
462
463
464
469
471
474
475
476
477
482
483
484
489
490
492
494
496
499
501
503
506
510
519
520
522
523
531
537
540
541
550
551
555
558
560
564
574
575
582
583
584
587
590
594
596
600
605
606
610
618
620
625
629
630
631
633
635
637
638
639
643
648
658
661
667
671
674
675
676
679
682
683
685
689
695
700
707
712
719
729
770
772
791
812
818
831
835
847
853
863
867
892
934
937
944
998
